,ID,活动类型,子项类型,活动ID,地图名称,位置,位置,图标,颜色类型,最低显示等级,最高显示等级,目标场景ID
,STRING,INT,INT,STRING,STRING,INT(单位厘米),INT(单位厘米),STRING,INT,INT,INT,
*,ID,Type,SubType,ActivityID,MapId,PosX,PosZ,Icon,Color,MinLevel,MaxLevel,TargetMapID
*,1,11,,50001,105,-4000,-3800,CZ_zhiXianRenWu,2,,,
*,2,11,,50002,105,-6765,-3800,CZ_zhiXianRenWu,2,,,
*,3,11,,50003,105,4000,-1100,CZ_zhiXianRenWu,2,,,
*,4,11,,50004,105,-300,2200,CZ_zhiXianRenWu,2,,,
*,5,11,,50005,105,3300,3000,CZ_zhiXianRenWu,2,,,
*,6,11,,50006,105,-300,4600,CZ_zhiXianRenWu,2,,,
*,7,11,,50007,105,-5700,-2100,CZ_zhiXianRenWu,2,,,
*,8,11,,50008,105,-4500,-1500,CZ_zhiXianRenWu,2,,,
*,9,11,,50009,105,-4500,-400,CZ_zhiXianRenWu,2,,,
*,10,11,,50010,105,-4500,600,CZ_zhiXianRenWu,2,,,
*,11,11,,50011,105,-4500,2200,CZ_zhiXianRenWu,2,,,
*,12,11,,50012,105,-4800,3300,CZ_zhiXianRenWu,2,,,
*,13,11,,50013,105,-1700,4100,CZ_zhiXianRenWu,2,,,
*,14,11,,50014,105,1000,4100,CZ_zhiXianRenWu,2,,,
*,15,11,,50015,105,1800,900,CZ_zhiXianRenWu,2,,,
*,16,11,,50016,105,2700,3200,CZ_zhiXianRenWu,2,,,
*,17,11,,50017,105,-2900,4100,CZ_zhiXianRenWu,2,,,
*,18,11,,50018,105,-1600,2100,CZ_zhiXianRenWu,2,,,
*,19,11,,50019,105,-2200,-2200,CZ_zhiXianRenWu,2,,,
*,20,11,,50020,105,-200,-2200,CZ_zhiXianRenWu,2,,,
*,21,11,,50021,105,2400,-3900,CZ_zhiXianRenWu,2,,,
*,22,11,,50022,105,1100,-1000,CZ_zhiXianRenWu,2,,,
*,23,11,,50023,105,2800,2800,CZ_zhiXianRenWu,2,,,
*,24,11,,50024,105,-4800,2800,CZ_zhiXianRenWu,2,,,
*,25,11,,50025,105,-400,2200,CZ_zhiXianRenWu,2,,,
*,26,11,,50026,104,873,5497,CZ_zhiXianRenWu,2,,,
*,27,11,,50027,104,5072,-2203,CZ_zhiXianRenWu,2,,,
*,28,11,,50028,104,1223,-6598,CZ_zhiXianRenWu,2,,,
*,29,11,,50029,104,-1891,-5711,CZ_zhiXianRenWu,2,,,
*,30,11,,50030,104,-1565,-1949,CZ_zhiXianRenWu,2,,,
*,31,11,,50031,104,-1445,2630,CZ_zhiXianRenWu,2,,,
*,32,11,,50032,104,2,-8870,CZ_zhiXianRenWu,2,,,
*,33,11,,50033,104,-4705,-5276,CZ_zhiXianRenWu,2,,,
*,34,11,,50034,104,-4240,2219,CZ_zhiXianRenWu,2,,,
*,35,11,,50035,104,-1577,5533,CZ_zhiXianRenWu,2,,,
*,36,11,,50036,104,2257,1229,CZ_zhiXianRenWu,2,,,
*,37,11,,50037,104,4746,-5325,CZ_zhiXianRenWu,2,,,
*,38,11,,50038,104,5545,636,CZ_zhiXianRenWu,2,,,
*,39,11,,50039,104,1308,-4330,CZ_zhiXianRenWu,2,,,
*,40,11,,50040,104,-5829,-3555,CZ_zhiXianRenWu,2,,,
*,41,11,,50041,104,-6097,3200,CZ_zhiXianRenWu,2,,,
*,42,11,,50042,104,-20,3121,CZ_zhiXianRenWu,2,,,
*,43,11,,50043,104,3995,3578,CZ_zhiXianRenWu,2,,,
*,44,11,,50044,104,-3473,-3345,CZ_zhiXianRenWu,2,,,
*,45,11,,50045,104,-524,-3754,CZ_zhiXianRenWu,2,,,
*,46,11,,50046,104,-89,1381,CZ_zhiXianRenWu,2,,,
*,47,11,,50047,104,1497,-1916,CZ_zhiXianRenWu,2,,,
*,48,11,,50048,104,3941,1455,CZ_zhiXianRenWu,2,,,
*,49,11,,50049,104,3299,-1130,CZ_zhiXianRenWu,2,,,
*,50,11,,50050,104,-963,-8179,CZ_zhiXianRenWu,2,,,
*,51,11,,50051,102,3614,3129,CZ_zhiXianRenWu,2,,,
*,52,11,,50052,102,1186,168,CZ_zhiXianRenWu,2,,,
*,53,11,,50053,102,-1690,-3792,CZ_zhiXianRenWu,2,,,
*,54,11,,50054,102,-2534,-1644,CZ_zhiXianRenWu,2,,,
*,55,11,,50055,102,-3189,3309,CZ_zhiXianRenWu,2,,,
*,56,11,,50056,102,378,4222,CZ_zhiXianRenWu,2,,,
*,57,11,,50057,102,-1340,5189,CZ_zhiXianRenWu,2,,,
*,58,11,,50058,102,-3864,4441,CZ_zhiXianRenWu,2,,,
*,59,11,,50059,102,-2866,1385,CZ_zhiXianRenWu,2,,,
*,60,11,,50060,102,-2213,-2905,CZ_zhiXianRenWu,2,,,
*,61,11,,50061,102,737,-2196,CZ_zhiXianRenWu,2,,,
*,62,11,,50062,102,3614,700,CZ_zhiXianRenWu,2,,,
*,63,11,,50063,102,4003,-3226,CZ_zhiXianRenWu,2,,,
*,64,11,,50064,102,963,-4182,CZ_zhiXianRenWu,2,,,
*,65,11,,50065,102,-921,-2572,CZ_zhiXianRenWu,2,,,
*,66,11,,50066,102,-3976,-2511,CZ_zhiXianRenWu,2,,,
*,67,11,,50067,102,-3640,1245,CZ_zhiXianRenWu,2,,,
*,68,11,,50068,102,-1340,3265,CZ_zhiXianRenWu,2,,,
*,69,11,,50069,102,-3332,-5300,CZ_zhiXianRenWu,2,,,
*,70,11,,50070,102,3633,-1766,CZ_zhiXianRenWu,2,,,
*,71,11,,50071,102,-5499,-2732,CZ_zhiXianRenWu,2,,,
*,72,11,,50072,102,-200,-799,CZ_zhiXianRenWu,2,,,
*,73,11,,50073,102,-130,1754,CZ_zhiXianRenWu,2,,,
*,74,11,,50074,102,1151,2228,CZ_zhiXianRenWu,2,,,
*,75,11,,50075,102,2313,2228,CZ_zhiXianRenWu,2,,,
*,76,10,7,211,105,-5500,-800,CZ_biaoChe_PVE,3,,,
*,77,10,11,201,104,-3500,-3000,CZ_jinBiFuBen_PVE,3,,,
*,78,10,16,901,104,-2900,1700,CZ_zhuangBeiFuBen_PVE,3,,,
*,79,5,,801,104,3500,4000,CZ_shiJieBOSS_PVE,4,,,
*,80,10,26,101,104,-3700,3100,CZ_fuBenTuBiao_DANCE,3,,,
*,81,12,,103,102,4700,1900,CZ_paTa_PVE,3,,,
*,82,13,,3002,102,3000,4500,CZ_duiZhan_PVP,3,,,
*,83,10,12,202,102,-600,5100,CZ_jingYanFuBen_PVE,3,,,
*,84,1,,30001,109,8903,-4633,CZ_huSong_PVP,4,,,
*,85,2,,30002,109,-2500,2988,CZ_qiangJie_PVP,4,,,
*,86,10,16,901,102,300,2100,CZ_zhuangBeiFuBen_PVE,3,,,
*,87,7,,1101,107,-400,4200,CZ_shengCun_PVP,4,,,
*,88,6,,1001,107,4800,2900,CZ_gongHuiBOSS_PVE,4,,,
*,89,10,20,1201,104,4900,-3700,cz_baoLiJieQu_PVP,3,,,
*,90,10,1,109,105,300,4600,CZ_huoPin_PVP,3,,,
*,91,10,1,110,102,4600,-2500,CZ_huoPin_PVP,3,,,
*,92,10,1,111,108,1500,-3800,CZ_huoPin_PVP,3,,,
*,93,9,,1501,101,4600,-2500,CZ_gongHuiZhan_PVP,3,,,
*,94,8,,1301,105,4500,2200,CZ_seQing_PVE,3,,,
*,95,10,16,901,107,-500,300,CZ_zhuangBeiFuBen_PVE,3,,,
*,96,10,16,901,108,1200,4700,CZ_zhuangBeiFuBen_PVE,3,,,
*,97,10,16,901,106,1400,1300,CZ_zhuangBeiFuBen_PVE,3,,,
*,98,10,16,901,105,-5900,-5700,CZ_zhuangBeiFuBen_PVE,3,,,
*,99,10,7,211,104,1100,-7700,CZ_biaoChe_PVE,3,,,
*,100,10,11,201,107,6300,-3700,CZ_jinBiFuBen_PVE,3,,,
*,101,10,12,202,107,-4760,-2830,CZ_jingYanFuBen_PVE,3,,,
,102,1,,30001,107,4700,1800,CZ_huSong_PVP,4,,,
,103,2,,30002,107,4700,1000,CZ_qiangJie_PVP,4,,,
,104,5,,801,102,-4000,-700,CZ_shiJieBOSS_PVE,4,,,
*,105,7,,1101,101,-5100,5600,CZ_shengCun_PVP,4,,,
*,106,5,,801,101,6200,5000,CZ_shiJieBOSS_PVE,4,,,
*,107,1,,30001,11,15938,-17890,CZ_huSong_PVP,4,,,
*,108,2,,30002,11,16299,-53209,CZ_qiangJie_PVP,4,,,
*,109,10,26,101,11,-14145,-49207,CZ_fuBenTuBiao_DANCE,3,,,
*,110,5,,801,11,47574,-40703,CZ_shiJieBOSS_PVE,4,,,
*,111,6,,1001,11,-18683,33408,CZ_gongHuiBOSS_PVE,4,,,
*,112,7,,1101,11,15501,48291,CZ_shengCun_PVP,4,,,
*,113,8,,1301,11,25940,14078,CZ_seQing_PVE,3,,,
*,114,9,,1501,11,56998,12624,CZ_gongHuiZhan_PVP,3,,,
*,115,10,20,1201,11,-54853,-2627,cz_baoLiJieQu_PVP,3,,,
*,116,10,1,109,11,-51667,-27455,CZ_huoPin_PVP,3,,,
*,117,10,1,110,11,-2604,17068,CZ_huoPin_PVP,3,,,
*,118,10,1,111,11,29777,4223,CZ_huoPin_PVP,3,,,
*,119,10,16,901,11,8592,44599,CZ_zhuangBeiFuBen_PVE,3,,,
*,120,10,7,211,11,-16914,52308,CZ_biaoChe_PVE,3,,,
*,121,10,11,201,11,-24482,30062,CZ_jinBiFuBen_PVE,3,,,
*,122,10,12,223,11,-42458,-33615,CZ_jingYanFuBen_PVE,3,,,
*,123,12,,103,11,-42525,35999,CZ_paTa_PVE,3,,,
*,124,13,,3002,11,-53180,20010,CZ_duiZhan_PVP,3,,,
,125,11,,51001,,,,CZ_zhiXianRenWu,2,,,
,126,11,,51002,,,,CZ_zhiXianRenWu,2,,,
*,127,11,,50076,105,-900,-1200,CZ_zhiXianRenWu,2,10,,
,128,11,,51003,,,,CZ_zhiXianRenWu,2,0,,
,129,11,,51007,,,,CZ_zhiXianRenWu,2,10,,
,130,11,,51011,,,,CZ_zhiXianRenWu,2,10,,
*,131,1,,30003,109,8903,7163,CZ_huSong_PVP,4,,,
*,132,1,,30004,109,-7072,2332,CZ_huSong_PVP,4,,,
*,133,1,,30005,110,-1559,7357,CZ_huSong_PVP,4,,,
*,134,1,,30006,110,-1295,-9071,CZ_huSong_PVP,4,,,
*,135,2,,30009,110,3231,-7080,CZ_qiangJie_PVP,4,,,
*,136,1,,30007,111,1604,4635,CZ_huSong_PVP,4,,,
*,137,1,,30008,111,-1585,-4644,CZ_huSong_PVP,4,,,
*,138,2,,30010,111,1063,-738,CZ_qiangJie_PVP,4,,,
,139,11,,51025,,,,CZ_zhiXianRenWu,2,,,
,140,11,,51035,,,,CZ_zhiXianRenWu,2,,,
,141,11,,51040,,,,CZ_zhiXianRenWu,2,,,
,142,11,,51045,,,,CZ_zhiXianRenWu,2,,,
*,143,14,,1,11,34611,-49480,,,,,
*,144,14,,2,11,38999,23733,,,,,
*,145,14,,3,11,-24586,39056,,,,,
*,146,14,,4,11,-42929,-21161,,,,,
*,147,14,,5,11,-12984,-33222,,,,,
*,148,14,,6,11,8721,32788,,,,,
,149,11,,52001,,,,CZ_lianXianRenWu,4,20,,
,150,11,,52005,,,,CZ_lianXianRenWu,4,25,,
,151,11,,52009,,,,CZ_lianXianRenWu,4,30,,
,152,11,,52013,,,,CZ_lianXianRenWu,4,32,,
*,153,11,,46001,11,17252,-2839,CZ_lianXianRenWu,4,1,,
*,154,11,,46006,11,49527,-24534,CZ_lianXianRenWu,4,1,,
*,155,11,,46011,11,6685,-30728,CZ_lianXianRenWu,4,1,,
*,156,11,,46016,11,10631,25128,CZ_lianXianRenWu,4,1,,
*,157,11,,46021,11,27464,41843,CZ_lianXianRenWu,4,1,,
*,158,11,,46026,11,59167,30573,CZ_lianXianRenWu,4,1,,
*,159,11,,46031,11,-10463,59997,CZ_lianXianRenWu,4,1,,
*,160,11,,46036,11,-13523,-22351,CZ_lianXianRenWu,4,1,,
*,161,11,,46041,11,-39718,12463,CZ_lianXianRenWu,4,1,,
*,162,11,,46046,11,-17271,1761,CZ_lianXianRenWu,4,1,,
*,163,11,,46051,11,-30229,-49256,CZ_lianXianRenWu,4,1,,
*,164,11,,46056,11,-61341,-24945,CZ_lianXianRenWu,4,1,,
*,165,21,0,,11,-25750,-29465,CZ_diTu_shangDian,,,,1601
*,166,21,1,,11,-22017,16228,CZ_diTu_shangDian,,,,1602
*,167,21,2,,11,29609,26298,CZ_diTu_shangDian,,,,1603
*,168,21,3,,11,34794,-35120,CZ_diTu_shangDian,,,,1604
