,等级,攻击力,生命值,防御力,命中,闪避,暴击,韧性,固定增伤,固定减伤,暴击增伤,暴击减免,抗晕眩,抗击倒,防御系数,闪避系数,韧性系数,命中系数,暴击系数,D_日环单环,D_日环全环,D_金币副本,D_护送,D_个人尬舞,D_个人尬舞道具,D_帮派尬舞,D_帮派尬舞道具,D_飚车,D_生存战场小怪,D_生存战场精英,D_生存战场BOSS,D_日活1,D_日活2,D_日活3,D_日活4,S_日环单环,S_日环全环,S_金币本,S_护送,S_飚车,ZD_日环,ZD_经验本,ZD_地牢挂机,ZD_个人尬舞,ZD_爬塔,ZD_护送,ZD_日活,ZD_飙车,ZS_日环找回,ZS_经验找回,ZS_地宫找回,ZS_尬舞找回,ZS_帮派尬舞找回,ZS_爬塔找回,ZS_护送找回,ZS_日活跃,ZS_飙车,帮派BOSS-1,帮派BOSS-2,帮派BOSS-3,帮派参与奖,帮派尾刀,帮派展示,帮派普惠
*,ID,AtkStd,HpStd,DefStd,HITStd,DGEStd,CRIStd,RESStd,EXDStd,EXRStd,CRDStd,CRRStd,AntiStunStd,AntiKnockDownStd,DEFAStd,DGEAStd,RESAStd,HITAStd,CRIAStd,_drop_rhdh,_drop_rhqh,_drop_jbfb,_drop_hs,_drop_jh,_drop_jhdj,_drop_gjh,_drop_gjhdj,_drop_bc,_drop_sczcxg,_drop_sczcjyg,_drop_sczcboss,_drop_da_1,_drop_da_2,_drop_da_3,_drop_da_4,_show_rhdh,_show_rhqh,_show_jbfb,_show_hs,_show_bc,_drop_rhzh,_drop_jrzh,_drop_dgzh,_drop_gwzh,_drop_ptzh,_drop_ybzh,_drop_hyzh,_drop_bczh,_show_rhzh,_show_jrzh,_show_dgzh,_show_gwzh,_show_ggwzh,_show_ptzh,_show_ybzh,_show_hyzh,_show_bczh,_one_ghb,_two_ghb,_three_ghb,_join_ghb,_last_ghb,_show_ghb,_every_ghb
*,1,40,1000,100,2844,129,351,0,0,0,15000,0,10000,10000,3158,6317,3158,316,3158,44001,45001,30101,30201,30301,30301,30401,30401,35501,32020,32120,32220,700001,701001,702001,703001,44001,45001,30101,30201,35501,20001,21001,22001,23001,24001,25001,26001,27001,20001,21001,22001,23001,23001,24001,25001,26001,27001,51001,51011,51021,51101,51201,51001,51301
*,2,50,1300,110,2988,135,369,0,0,0,15000,0,10000,10000,3317,6633,3317,332,3317,44002,45002,30102,30202,30302,30302,30402,30402,35502,32020,32120,32220,700002,701002,702002,703002,44002,45002,30102,30202,35502,20002,21002,22002,23002,24002,25002,26002,27002,20002,21002,22002,23002,23002,24002,25002,26002,27002,51002,51012,51022,51102,51202,51001,51302
*,3,60,1600,120,3132,142,386,0,0,0,15000,0,10000,10000,3475,6950,3475,348,3475,44003,45003,30103,30203,30303,30303,30403,30403,35503,32020,32120,32220,700003,701003,702003,703003,44003,45003,30103,30203,35503,20003,21003,22003,23003,24003,25003,26003,27003,20003,21003,22003,23003,23003,24003,25003,26003,27003,51003,51013,51023,51103,51203,51001,51303
*,4,70,1900,130,3267,148,404,0,0,0,15000,0,10000,10000,3633,7267,3633,363,3633,44004,45004,30104,30204,30304,30304,30404,30404,35504,32020,32120,32220,700004,701004,702004,703004,44004,45004,30104,30204,35504,20004,21004,22004,23004,24004,25004,26004,27004,20004,21004,22004,23004,23004,24004,25004,26004,27004,51004,51014,51024,51104,51204,51001,51304
*,5,80,2200,140,3411,155,421,0,0,0,15000,0,10000,10000,3792,7583,3792,379,3792,44005,45005,30105,30205,30305,30305,30405,30405,35505,32020,32120,32220,700005,701005,702005,703005,44005,45005,30105,30205,35505,20005,21005,22005,23005,24005,25005,26005,27005,20005,21005,22005,23005,23005,24005,25005,26005,27005,51005,51015,51025,51105,51205,51001,51305
*,6,90,2500,150,3555,161,439,0,0,0,15000,0,10000,10000,3950,7900,3950,395,3950,44006,45006,30106,30206,30306,30306,30406,30406,35506,32020,32120,32220,700006,701006,702006,703006,44006,45006,30106,30206,35506,20006,21006,22006,23006,24006,25006,26006,27006,20006,21006,22006,23006,23006,24006,25006,26006,27006,51006,51016,51026,51106,51206,51001,51306
*,7,106,2956,216,3699,168,456,0,0,0,15000,0,10000,10000,4108,8217,4108,411,4108,44007,45007,30107,30207,30307,30307,30407,30407,35507,32020,32120,32220,700007,701007,702007,703007,44007,45007,30107,30207,35507,20007,21007,22007,23007,24007,25007,26007,27007,20007,21007,22007,23007,23007,24007,25007,26007,27007,51007,51017,51027,51107,51207,51001,51307
*,8,110,2969,225,3843,174,474,0,0,0,15000,0,10000,10000,4267,8533,4267,427,4267,44008,45008,30108,30208,30308,30308,30408,30408,35508,32020,32120,32220,700008,701008,702008,703008,44008,45008,30108,30208,35508,20008,21008,22008,23008,24008,25008,26008,27008,20008,21008,22008,23008,23008,24008,25008,26008,27008,51008,51018,51028,51108,51208,51001,51308
*,9,125,3011,233,3987,181,492,0,0,0,15000,0,10000,10000,4425,8850,4425,443,4425,44009,45009,30109,30209,30309,30309,30409,30409,35509,32020,32120,32220,700009,701009,702009,703009,44009,45009,30109,30209,35509,20009,21009,22009,23009,24009,25009,26009,27009,20009,21009,22009,23009,23009,24009,25009,26009,27009,51009,51019,51029,51109,51209,51001,51309
*,10,143,3024,241,4122,187,509,0,0,0,15000,0,10000,10000,4583,9167,4583,458,4583,44010,45010,30110,30210,30310,30310,30410,30410,35510,32020,32120,32220,700010,701010,702010,703010,44010,45010,30110,30210,35510,20010,21010,22010,23010,24010,25010,26010,27010,20010,21010,22010,23010,23010,24010,25010,26010,27010,51010,51020,51030,51110,51210,51001,51310
*,11,124,3273,322,5517,250,681,0,0,0,15000,0,10000,10000,6125,12250,6125,613,6125,44011,45011,30111,30211,30311,30311,30411,30411,35511,32020,32120,32220,700011,701011,702011,703011,44011,45011,30111,30211,35511,20011,21011,22011,23011,24011,25011,26011,27011,20011,21011,22011,23011,23011,24011,25011,26011,27011,,,,,,,
*,12,149,3960,343,5868,266,725,0,0,0,15000,0,10000,10000,6521,13042,6521,652,6521,44012,45012,30112,30212,30312,30312,30412,30412,35512,32020,32120,32220,700012,701012,702012,703012,44012,45012,30112,30212,35512,20012,21012,22012,23012,24012,25012,26012,27012,20012,21012,22012,23012,23012,24012,25012,26012,27012,,,,,,,
*,13,177,4032,364,6228,282,769,0,0,0,15000,0,10000,10000,6917,13833,6917,692,6917,44013,45013,30113,30213,30313,30313,30413,30413,35513,32020,32120,32220,700013,701013,702013,703013,44013,45013,30113,30213,35513,20013,21013,22013,23013,24013,25013,26013,27013,20013,21013,22013,23013,23013,24013,25013,26013,27013,,,,,,,
*,14,216,4076,385,6579,298,813,0,0,0,15000,0,10000,10000,7313,14625,7313,731,7313,44014,45014,30114,30214,30314,30314,30414,30414,35514,32020,32120,32220,700014,701014,702014,703014,44014,45014,30114,30214,35514,20014,21014,22014,23014,24014,25014,26014,27014,20014,21014,22014,23014,23014,24014,25014,26014,27014,,,,,,,
*,15,264,4108,406,6939,315,856,0,0,0,15000,0,10000,10000,7708,15417,7708,771,7708,44015,45015,30115,30215,30315,30315,30415,30415,35515,32020,32120,32220,700015,701015,702015,703015,44015,45015,30115,30215,35515,20015,21015,22015,23015,24015,25015,26015,27015,20015,21015,22015,23015,23015,24015,25015,26015,27015,,,,,,,
*,16,323,4716,427,7290,331,900,0,0,0,15000,0,10000,10000,8104,16208,8104,810,8104,44016,45016,30116,30216,30316,30316,30416,30416,35516,32020,32120,32220,700016,701016,702016,703016,44016,45016,30116,30216,35516,20016,21016,22016,23016,24016,25016,26016,27016,20016,21016,22016,23016,23016,24016,25016,26016,27016,,,,,,,
*,17,398,4765,447,7650,347,944,0,0,0,15000,0,10000,10000,8500,17000,8500,850,8500,44017,45017,30117,30217,30317,30317,30417,30417,35517,32020,32120,32220,700017,701017,702017,703017,44017,45017,30117,30217,35517,20017,21017,22017,23017,24017,25017,26017,27017,20017,21017,22017,23017,23017,24017,25017,26017,27017,,,,,,,
*,18,503,4911,468,8010,363,988,0,0,0,15000,0,10000,10000,8896,17792,8896,890,8896,44018,45018,30118,30218,30318,30318,30418,30418,35518,32020,32120,32220,700018,701018,702018,703018,44018,45018,30118,30218,35518,20018,21018,22018,23018,24018,25018,26018,27018,20018,21018,22018,23018,23018,24018,25018,26018,27018,,,,,,,
*,19,524,5554,489,8361,379,1032,0,0,0,15000,0,10000,10000,9292,18583,9292,929,9292,44019,45019,30119,30219,30319,30319,30419,30419,35519,32020,32120,32220,700019,701019,702019,703019,44019,45019,30119,30219,35519,20019,21019,22019,23019,24019,25019,26019,27019,20019,21019,22019,23019,23019,24019,25019,26019,27019,,,,,,,
*,20,435,7002,510,8721,395,1076,0,0,0,15000,0,10000,10000,9688,19375,9688,969,9688,44020,45020,30120,30220,30320,30320,30420,30420,35520,32020,32120,32220,700020,701020,702020,703020,44020,45020,30120,30220,35520,20020,21020,22020,23020,24020,25020,26020,27020,20020,21020,22020,23020,23020,24020,25020,26020,27020,,,,,,,
*,21,467,7082,541,9252,420,1142,0,0,0,15000,0,10000,10000,10281,20563,10281,1028,10281,44021,45021,30121,30221,30321,30321,30421,30421,35521,32025,32130,32230,700021,701021,702021,703021,44021,45021,30121,30221,35521,20021,21021,22021,23021,24021,25021,26021,27021,20021,21021,22021,23021,23021,24021,25021,26021,27021,,,,,,,
*,22,492,7857,572,9792,444,1208,0,0,0,15000,0,10000,10000,10875,21750,10875,1088,10875,44022,45022,30122,30222,30322,30322,30422,30422,35522,32025,32130,32230,700022,701022,702022,703022,44022,45022,30122,30222,35522,20022,21022,22022,23022,24022,25022,26022,27022,20022,21022,22022,23022,23022,24022,25022,26022,27022,,,,,,,
*,23,515,8128,604,10323,468,1274,0,0,0,15000,0,10000,10000,11469,22938,11469,1147,11469,44023,45023,30123,30223,30323,30323,30423,30423,35523,32025,32130,32230,700023,701023,702023,703023,44023,45023,30123,30223,35523,20023,21023,22023,23023,24023,25023,26023,27023,20023,21023,22023,23023,23023,24023,25023,26023,27023,,,,,,,
*,24,542,8186,635,10854,492,1340,0,0,0,15000,0,10000,10000,12063,24125,12063,1206,12063,44024,45024,30124,30224,30324,30324,30424,30424,35524,32025,32130,32230,700024,701024,702024,703024,44024,45024,30124,30224,35524,20024,21024,22024,23024,24024,25024,26024,27024,20024,21024,22024,23024,23024,24024,25024,26024,27024,,,,,,,
*,25,567,8988,666,11394,517,1406,0,0,0,15000,0,10000,10000,12656,25313,12656,1266,12656,44025,45025,30125,30225,30325,30325,30425,30425,35525,32025,32130,32230,700025,701025,702025,703025,44025,45025,30125,30225,35525,20025,21025,22025,23025,24025,25025,26025,27025,20025,21025,22025,23025,23025,24025,25025,26025,27025,,,,,,,
*,26,600,9124,697,11925,541,1472,0,0,0,15000,0,10000,10000,13250,26500,13250,1325,13250,44026,45026,30126,30226,30326,30326,30426,30426,35526,32030,32130,32230,700026,701026,702026,703026,44026,45026,30126,30226,35526,20026,21026,22026,23026,24026,25026,26026,27026,20026,21026,22026,23026,23026,24026,25026,26026,27026,,,,,,,
*,27,625,10035,729,12456,565,1538,0,0,0,15000,0,10000,10000,13844,27688,13844,1384,13844,44027,45027,30127,30227,30327,30327,30427,30427,35527,32030,32130,32230,700027,701027,702027,703027,44027,45027,30127,30227,35527,20027,21027,22027,23027,24027,25027,26027,27027,20027,21027,22027,23027,23027,24027,25027,26027,27027,,,,,,,
*,28,652,10125,760,12996,589,1604,0,0,0,15000,0,10000,10000,14438,28875,14438,1444,14438,44028,45028,30128,30228,30328,30328,30428,30428,35528,32030,32130,32230,700028,701028,702028,703028,44028,45028,30128,30228,35528,20028,21028,22028,23028,24028,25028,26028,27028,20028,21028,22028,23028,23028,24028,25028,26028,27028,,,,,,,
*,29,677,10891,791,13527,614,1670,0,0,0,15000,0,10000,10000,15031,30063,15031,1503,15031,44029,45029,30129,30229,30329,30329,30429,30429,35529,32030,32130,32230,700029,701029,702029,703029,44029,45029,30129,30229,35529,20029,21029,22029,23029,24029,25029,26029,27029,20029,21029,22029,23029,23029,24029,25029,26029,27029,,,,,,,
*,30,686,8720,1014,17343,787,2141,0,0,0,15000,0,10000,10000,19271,38542,19271,1927,19271,44030,45030,30130,30230,30330,30330,30430,30430,35530,32030,32130,32230,700030,701030,702030,703030,44030,45030,30130,30230,35530,20030,21030,22030,23030,24030,25030,26030,27030,20030,21030,22030,23030,23030,24030,25030,26030,27030,,,,,,,
*,31,602,11376,1066,18225,826,2250,0,0,0,15000,0,10000,10000,20247,40494,20247,2025,20247,44031,45031,30131,30231,30331,30331,30431,30431,35531,32035,32140,32240,700031,701031,702031,703031,44031,45031,30131,30231,35531,20031,21031,22031,23031,24031,25031,26031,27031,20031,21031,22031,23031,23031,24031,25031,26031,27031,,,,,,,
*,32,630,11464,1117,19098,866,2358,0,0,0,15000,0,10000,10000,21224,42447,21224,2122,21224,44032,45032,30132,30232,30332,30332,30432,30432,35532,32035,32140,32240,700032,701032,702032,703032,44032,45032,30132,30232,35532,20032,21032,22032,23032,24032,25032,26032,27032,20032,21032,22032,23032,23032,24032,25032,26032,27032,,,,,,,
*,33,657,12244,1168,19980,906,2467,0,0,0,15000,0,10000,10000,22200,44400,22200,2220,22200,44033,45033,30133,30233,30333,30333,30433,30433,35533,32035,32140,32240,700033,701033,702033,703033,44033,45033,30133,30233,35533,20033,21033,22033,23033,24033,25033,26033,27033,20033,21033,22033,23033,23033,24033,25033,26033,27033,,,,,,,
*,34,689,12523,1220,20862,946,2575,0,0,0,15000,0,10000,10000,23176,46353,23176,2318,23176,44034,45034,30134,30234,30334,30334,30434,30434,35534,32035,32140,32240,700034,701034,702034,703034,44034,45034,30134,30234,35534,20034,21034,22034,23034,24034,25034,26034,27034,20034,21034,22034,23034,23034,24034,25034,26034,27034,,,,,,,
*,35,702,10261,1589,27171,1232,3355,0,0,0,15000,0,10000,10000,30191,60382,30191,3019,30191,44035,45035,30135,30235,30335,30335,30435,30435,35535,32035,32140,32240,700035,701035,702035,703035,44035,45035,30135,30235,35535,20035,21035,22035,23035,24035,25035,26035,27035,20035,21035,22035,23035,23035,24035,25035,26035,27035,,,,,,,
*,36,728,10313,1653,28269,1282,3490,0,0,0,15000,0,10000,10000,31411,62823,31411,3141,31411,44036,45036,30136,30236,30336,30336,30436,30436,35536,32040,32140,32240,700036,701036,702036,703036,44036,45036,30136,30236,35536,20036,21036,22036,23036,24036,25036,26036,27036,20036,21036,22036,23036,23036,24036,25036,26036,27036,,,,,,,
*,37,757,11022,1717,29367,1332,3626,0,0,0,15000,0,10000,10000,32632,65264,32632,3263,32632,44037,45037,30137,30237,30337,30337,30437,30437,35537,32040,32140,32240,700037,701037,702037,703037,44037,45037,30137,30237,35537,20037,21037,22037,23037,24037,25037,26037,27037,20037,21037,22037,23037,23037,24037,25037,26037,27037,,,,,,,
*,38,785,11126,1782,30465,1382,3761,0,0,0,15000,0,10000,10000,33852,67705,33852,3385,33852,44038,45038,30138,30238,30338,30338,30438,30438,35538,32040,32140,32240,700038,701038,702038,703038,44038,45038,30138,30238,35538,20038,21038,22038,23038,24038,25038,26038,27038,20038,21038,22038,23038,23038,24038,25038,26038,27038,,,,,,,
*,39,814,11743,1846,31563,1432,3897,0,0,0,15000,0,10000,10000,35073,70146,35073,3507,35073,44039,45039,30139,30239,30339,30339,30439,30439,35539,32040,32140,32240,700039,701039,702039,703039,44039,45039,30139,30239,35539,20039,21039,22039,23039,24039,25039,26039,27039,20039,21039,22039,23039,23039,24039,25039,26039,27039,,,,,,,
*,40,835,11331,2063,35280,1600,4355,0,0,0,15000,0,10000,10000,39197,78394,39197,3920,39197,44040,45040,30140,30240,30340,30340,30440,30440,35540,32040,32140,32240,700040,701040,702040,703040,44040,45040,30140,30240,35540,20040,21040,22040,23040,24040,25040,26040,27040,20040,21040,22040,23040,23040,24040,25040,26040,27040,,,,,,,
*,41,872,11427,2150,36756,1667,4538,0,0,0,15000,0,10000,10000,40845,81689,40845,4084,40845,44041,45041,30141,30241,30341,30341,30441,30441,35541,32045,32150,32250,700041,701041,702041,703041,44041,45041,30141,30241,35541,20041,21041,22041,23041,24041,25041,26041,27041,20041,21041,22041,23041,23041,24041,25041,26041,27041,,,,,,,
*,42,907,12102,2236,38241,1734,4721,0,0,0,15000,0,10000,10000,42492,84984,42492,4249,42492,44042,45042,30142,30242,30342,30342,30442,30442,35542,32045,32150,32250,700042,701042,702042,703042,44042,45042,30142,30242,35542,20042,21042,22042,23042,24042,25042,26042,27042,20042,21042,22042,23042,23042,24042,25042,26042,27042,,,,,,,
*,43,942,12684,2323,39726,1802,4904,0,0,0,15000,0,10000,10000,44140,88280,44140,4414,44140,44043,45043,30143,30243,30343,30343,30443,30443,35543,32045,32150,32250,700043,701043,702043,703043,44043,45043,30143,30243,35543,20043,21043,22043,23043,24043,25043,26043,27043,20043,21043,22043,23043,23043,24043,25043,26043,27043,,,,,,,
*,44,977,12779,2410,41211,1869,5088,0,0,0,15000,0,10000,10000,45788,91575,45788,4579,45788,44044,45044,30144,30244,30344,30344,30444,30444,35544,32045,32150,32250,700044,701044,702044,703044,44044,45044,30144,30244,35544,20044,21044,22044,23044,24044,25044,26044,27044,20044,21044,22044,23044,23044,24044,25044,26044,27044,,,,,,,
*,45,1012,13430,2497,42696,1936,5271,0,0,0,15000,0,10000,10000,47435,94870,47435,4744,47435,44045,45045,30145,30245,30345,30345,30445,30445,35545,32045,32150,32250,700045,701045,702045,703045,44045,45045,30145,30245,35545,20045,21045,22045,23045,24045,25045,26045,27045,20045,21045,22045,23045,23045,24045,25045,26045,27045,,,,,,,
*,46,1047,14018,2583,44172,2003,5454,0,0,0,15000,0,10000,10000,49083,98166,49083,4908,49083,44046,45046,30146,30246,30346,30346,30446,30446,35546,32050,32150,32250,700046,701046,702046,703046,44046,45046,30146,30246,35546,20046,21046,22046,23046,24046,25046,26046,27046,20046,21046,22046,23046,23046,24046,25046,26046,27046,,,,,,,
*,47,1084,14193,2670,45657,2071,5637,0,0,0,15000,0,10000,10000,50730,101461,50730,5073,50730,44047,45047,30147,30247,30347,30347,30447,30447,35547,32050,32150,32250,700047,701047,702047,703047,44047,45047,30147,30247,35547,20047,21047,22047,23047,24047,25047,26047,27047,20047,21047,22047,23047,23047,24047,25047,26047,27047,,,,,,,
*,48,1116,14782,2757,47142,2138,5820,0,0,0,15000,0,10000,10000,52378,104756,52378,5238,52378,44048,45048,30148,30248,30348,30348,30448,30448,35548,32050,32150,32250,700048,701048,702048,703048,44048,45048,30148,30248,35548,20048,21048,22048,23048,24048,25048,26048,27048,20048,21048,22048,23048,23048,24048,25048,26048,27048,,,,,,,
*,49,1152,15371,2843,48627,2205,6003,0,0,0,15000,0,10000,10000,54026,108052,54026,5403,54026,44049,45049,30149,30249,30349,30349,30449,30449,35549,32050,32150,32250,700049,701049,702049,703049,44049,45049,30149,30249,35549,20049,21049,22049,23049,24049,25049,26049,27049,20049,21049,22049,23049,23049,24049,25049,26049,27049,,,,,,,
*,50,1188,15550,2930,50103,2272,6186,0,0,0,15000,0,10000,10000,55673,111347,55673,5567,55673,44050,45050,30150,30250,30350,30350,30450,30450,35550,32050,32150,32250,700050,701050,702050,703050,44050,45050,30150,30250,35550,20050,21050,22050,23050,24050,25050,26050,27050,20050,21050,22050,23050,23050,24050,25050,26050,27050,,,,,,,
*,51,1230,16137,3034,51885,2353,6406,0,0,0,15000,0,10000,10000,57651,115301,57651,5765,57651,44051,45051,30151,30251,30351,30351,30451,30451,35551,32055,32160,32260,700051,701051,702051,703051,44051,45051,30151,30251,35551,20051,21051,22051,23051,24051,25051,26051,27051,20051,21051,22051,23051,23051,24051,25051,26051,27051,,,,,,,
*,52,1274,16808,3138,53667,2434,6625,0,0,0,15000,0,10000,10000,59628,119256,59628,5963,59628,44052,45052,30152,30252,30352,30352,30452,30452,35552,32055,32160,32260,700052,701052,702052,703052,44052,45052,30152,30252,35552,20052,21052,22052,23052,24052,25052,26052,27052,20052,21052,22052,23052,23052,24052,25052,26052,27052,,,,,,,
*,53,1313,17422,3242,55449,2514,6845,0,0,0,15000,0,10000,10000,61605,123210,61605,6161,61605,44053,45053,30153,30253,30353,30353,30453,30453,35553,32055,32160,32260,700053,701053,702053,703053,44053,45053,30153,30253,35553,20053,21053,22053,23053,24053,25053,26053,27053,20053,21053,22053,23053,23053,24053,25053,26053,27053,,,,,,,
*,54,1355,18093,3346,57222,2595,7065,0,0,0,15000,0,10000,10000,63582,127164,63582,6358,63582,44054,45054,30154,30254,30354,30354,30454,30454,35554,32055,32160,32260,700054,701054,702054,703054,44054,45054,30154,30254,35554,20054,21054,22054,23054,24054,25054,26054,27054,20054,21054,22054,23054,23054,24054,25054,26054,27054,,,,,,,
*,55,1399,18701,3450,59004,2676,7284,0,0,0,15000,0,10000,10000,65559,131119,65559,6556,65559,44055,45055,30155,30255,30355,30355,30455,30455,35555,32055,32160,32260,700055,701055,702055,703055,44055,45055,30155,30255,35555,20055,21055,22055,23055,24055,25055,26055,27055,20055,21055,22055,23055,23055,24055,25055,26055,27055,,,,,,,
*,56,1440,18877,3555,60786,2757,7504,0,0,0,15000,0,10000,10000,67537,135073,67537,6754,67537,44056,45056,30156,30256,30356,30356,30456,30456,35556,32060,32160,32260,700056,701056,702056,703056,44056,45056,30156,30256,35556,20056,21056,22056,23056,24056,25056,26056,27056,20056,21056,22056,23056,23056,24056,25056,26056,27056,,,,,,,
*,57,1484,19494,3659,62559,2837,7724,0,0,0,15000,0,10000,10000,69514,139028,69514,6951,69514,44057,45057,30157,30257,30357,30357,30457,30457,35557,32060,32160,32260,700057,701057,702057,703057,44057,45057,30157,30257,35557,20057,21057,22057,23057,24057,25057,26057,27057,20057,21057,22057,23057,23057,24057,25057,26057,27057,,,,,,,
*,58,1525,20189,3763,64341,2918,7943,0,0,0,15000,0,10000,10000,71491,142982,71491,7149,71491,44058,45058,30158,30258,30358,30358,30458,30458,35558,32060,32160,32260,700058,701058,702058,703058,44058,45058,30158,30258,35558,20058,21058,22058,23058,24058,25058,26058,27058,20058,21058,22058,23058,23058,24058,25058,26058,27058,,,,,,,
*,59,1567,20774,3867,66123,2999,8163,0,0,0,15000,0,10000,10000,73468,146936,73468,7347,73468,44059,45059,30159,30259,30359,30359,30459,30459,35559,32060,32160,32260,700059,701059,702059,703059,44059,45059,30159,30259,35559,20059,21059,22059,23059,24059,25059,26059,27059,20059,21059,22059,23059,23059,24059,25059,26059,27059,,,,,,,
*,60,1611,21450,3971,67905,3079,8383,0,0,0,15000,0,10000,10000,75445,150891,75445,7545,75445,44060,45060,30160,30260,30360,30360,30460,30460,35560,32060,32160,32260,700060,701060,702060,703060,44060,45060,30160,30260,35560,20060,21060,22060,23060,24060,25060,26060,27060,20060,21060,22060,23060,23060,24060,25060,26060,27060,,,,,,,
*,61,1659,22055,4092,69975,3174,8639,0,0,0,15000,0,10000,10000,77752,155504,77752,7775,77752,44061,45061,30161,30261,30361,30361,30461,30461,35561,32065,32170,32270,700061,701061,702061,703061,44061,45061,30161,30261,35561,20061,21061,22061,23061,24061,25061,26061,27061,20061,21061,22061,23061,23061,24061,25061,26061,27061,,,,,,,
*,62,1709,22777,4214,72054,3268,8895,0,0,0,15000,0,10000,10000,80059,160118,80059,8006,80059,44062,45062,30162,30262,30362,30362,30462,30462,35562,32065,32170,32270,700062,701062,702062,703062,44062,45062,30162,30262,35562,20062,21062,22062,23062,24062,25062,26062,27062,20062,21062,22062,23062,23062,24062,25062,26062,27062,,,,,,,
*,63,1757,23387,4335,74133,3362,9152,0,0,0,15000,0,10000,10000,82365,164731,82365,8237,82365,44063,45063,30163,30263,30363,30363,30463,30463,35563,32065,32170,32270,700063,701063,702063,703063,44063,45063,30163,30263,35563,20063,21063,22063,23063,24063,25063,26063,27063,20063,21063,22063,23063,23063,24063,25063,26063,27063,,,,,,,
*,64,1808,24084,4456,76203,3456,9408,0,0,0,15000,0,10000,10000,84672,169344,84672,8467,84672,44064,45064,30164,30264,30364,30364,30464,30464,35564,32065,32170,32270,700064,701064,702064,703064,44064,45064,30164,30264,35564,20064,21064,22064,23064,24064,25064,26064,27064,20064,21064,22064,23064,23064,24064,25064,26064,27064,,,,,,,
*,65,2268,24780,4578,78282,3550,9664,0,0,0,15000,0,10000,10000,86979,173958,86979,8698,86979,44065,45065,30165,30265,30365,30365,30465,30465,35565,32065,32170,32270,700065,701065,702065,703065,44065,45065,30165,30265,35565,20065,21065,22065,23065,24065,25065,26065,27065,20065,21065,22065,23065,23065,24065,25065,26065,27065,,,,,,,
*,66,2912,25416,4699,80361,3644,9921,0,0,0,15000,0,10000,10000,89286,178571,89286,8929,89286,44066,45066,30166,30266,30366,30366,30466,30466,35566,32070,32170,32270,700066,701066,702066,703066,44066,45066,30166,30266,35566,20066,21066,22066,23066,24066,25066,26066,27066,20066,21066,22066,23066,23066,24066,25066,26066,27066,,,,,,,
*,67,3838,26112,4821,82431,3738,10177,0,0,0,15000,0,10000,10000,91592,183185,91592,9159,91592,44067,45067,30167,30267,30367,30367,30467,30467,35567,32070,32170,32270,700067,701067,702067,703067,44067,45067,30167,30267,35567,20067,21067,22067,23067,24067,25067,26067,27067,20067,21067,22067,23067,23067,24067,25067,26067,27067,,,,,,,
*,68,5250,26717,4942,84510,3833,10433,0,0,0,15000,0,10000,10000,93899,187798,93899,9390,93899,44068,45068,30168,30268,30368,30368,30468,30468,35568,32070,32170,32270,700068,701068,702068,703068,44068,45068,30168,30268,35568,20068,21068,22068,23068,24068,25068,26068,27068,20068,21068,22068,23068,23068,24068,25068,26068,27068,,,,,,,
*,69,7526,27440,5063,86589,3927,10690,0,0,0,15000,0,10000,10000,96206,192412,96206,9621,96206,44069,45069,30169,30269,30369,30369,30469,30469,35569,32070,32170,32270,700069,701069,702069,703069,44069,45069,30169,30269,35569,20069,21069,22069,23069,24069,25069,26069,27069,20069,21069,22069,23069,23069,24069,25069,26069,27069,,,,,,,
*,70,7711,28049,5185,88659,4021,10946,0,0,0,15000,0,10000,10000,98513,197025,98513,9851,98513,44070,45070,30170,30270,30370,30370,30470,30470,35570,32070,32170,32270,700070,701070,702070,703070,44070,45070,30170,30270,35570,20070,21070,22070,23070,24070,25070,26070,27070,20070,21070,22070,23070,23070,24070,25070,26070,27070,,,,,,,
*,71,7911,28792,5324,91035,4129,11239,0,0,0,15000,0,10000,10000,101149,202298,101149,10115,101149,44071,45071,30171,30271,30371,30371,30471,30471,35571,32075,32180,32280,700071,701071,702071,703071,44071,45071,30171,30271,35571,20071,21071,22071,23071,24071,25071,26071,27071,20071,21071,22071,23071,23071,24071,25071,26071,27071,,,,,,,
*,72,8119,29490,5462,93411,4236,11532,0,0,0,15000,0,10000,10000,103785,207570,103785,10379,103785,44072,45072,30172,30272,30372,30372,30472,30472,35572,32075,32180,32280,700072,701072,702072,703072,44072,45072,30172,30272,35572,20072,21072,22072,23072,24072,25072,26072,27072,20072,21072,22072,23072,23072,24072,25072,26072,27072,,,,,,,
*,73,8318,30147,5601,95778,4344,11825,0,0,0,15000,0,10000,10000,106421,212843,106421,10642,106421,44073,45073,30173,30273,30373,30373,30473,30473,35573,32075,32180,32280,700073,701073,702073,703073,44073,45073,30173,30273,35573,20073,21073,22073,23073,24073,25073,26073,27073,20073,21073,22073,23073,23073,24073,25073,26073,27073,,,,,,,
*,74,8534,30844,5740,98154,4451,12118,0,0,0,15000,0,10000,10000,109058,218115,109058,10906,109058,44074,45074,30174,30274,30374,30374,30474,30474,35574,32075,32180,32280,700074,701074,702074,703074,44074,45074,30174,30274,35574,20074,21074,22074,23074,24074,25074,26074,27074,20074,21074,22074,23074,23074,24074,25074,26074,27074,,,,,,,
*,75,8743,31587,5879,100521,4559,12410,0,0,0,15000,0,10000,10000,111694,223388,111694,11169,111694,44075,45075,30175,30275,30375,30375,30475,30475,35575,32075,32180,32280,700075,701075,702075,703075,44075,45075,30175,30275,35575,20075,21075,22075,23075,24075,25075,26075,27075,20075,21075,22075,23075,23075,24075,25075,26075,27075,,,,,,,
*,76,8942,32194,6017,102897,4667,12703,0,0,0,15000,0,10000,10000,114330,228660,114330,11433,114330,44076,45076,30176,30276,30376,30376,30476,30476,35576,32080,32180,32280,700076,701076,702076,703076,44076,45076,30176,30276,35576,20076,21076,22076,23076,24076,25076,26076,27076,20076,21076,22076,23076,23076,24076,25076,26076,27076,,,,,,,
*,77,9150,32940,6156,105273,4774,12996,0,0,0,15000,0,10000,10000,116966,233933,116966,11697,116966,44077,45077,30177,30277,30377,30377,30477,30477,35577,32080,32180,32280,700077,701077,702077,703077,44077,45077,30177,30277,35577,20077,21077,22077,23077,24077,25077,26077,27077,20077,21077,22077,23077,23077,24077,25077,26077,27077,,,,,,,
*,78,9351,33633,6295,107640,4882,13289,0,0,0,15000,0,10000,10000,119603,239205,119603,11960,119603,44078,45078,30178,30278,30378,30378,30478,30478,35578,32080,32180,32280,700078,701078,702078,703078,44078,45078,30178,30278,35578,20078,21078,22078,23078,24078,25078,26078,27078,20078,21078,22078,23078,23078,24078,25078,26078,27078,,,,,,,
*,79,9563,34788,6434,110016,4989,13582,0,0,0,15000,0,10000,10000,122239,244478,122239,12224,122239,44079,45079,30179,30279,30379,30379,30479,30479,35579,32080,32180,32280,700079,701079,702079,703079,44079,45079,30179,30279,35579,20079,21079,22079,23079,24079,25079,26079,27079,20079,21079,22079,23079,23079,24079,25079,26079,27079,,,,,,,
*,80,9769,35481,6572,112392,5097,13875,0,0,0,15000,0,10000,10000,124875,249750,124875,12488,124875,44080,45080,30180,30280,30380,30380,30480,30480,35580,32080,32180,32280,700080,701080,702080,703080,44080,45080,30180,30280,35580,20080,21080,22080,23080,24080,25080,26080,27080,20080,21080,22080,23080,23080,24080,25080,26080,27080,,,,,,,
