,AIID,索敌类型,索敌距离,绕敌几率,绕敌间隔,绕敌间隔,绕敌角度Min,绕敌角度Max,绕敌距离Min,绕敌距离Max,行动时间Min,行动时间Max,技能CD,技能CD,归位距离,目标变动CD,巡逻类型,巡逻距离,巡逻结束下一次巡逻等待时间
,STRING,INT,INT,INT,INT,INT,INT,INT,INT,INT,INT,INT,INT,INT,INT,INT,INT,INT,INT
*,ID,LockType,LockDistance,AroundProb,AroundTimeMin,AroundTimeMax,AroundMinAngel,AroundMaxAngel,AroundMinDistance,AroundMaxDistance,ActionMinTime,ActionMaxTime,SkillCDMin,SkillCDMax,ReturnDistance,ChangeTargetCD,PatrolType,PatrolDistance,WaitTime
*,1000,0,-1,35,1500,3000,-60,60,100,200,5000,6000,1000,3000,500,10000,1,400,300
*,1001,1,2000,35,1000,3000,-180,180,100,200,5000,6000,1000,3000,500,10000,2,400,300
*,1002,1,2000,0,1000,3000,-180,180,100,200,5000,6000,1000,3000,2500,10000,1,400,300
*,1003,1,2000,20,1500,3000,-60,60,100,200,5000,6000,1000,3000,2500,10000,1,400,300
*,1004,0,-1,35,1500,3000,-60,60,100,200,5000,6000,1000,3000,1000,10000,1,400,300
*,1005,1,300,20,1500,3000,-60,60,100,200,5000,6000,1000,3000,1000,10000,1,400,300
*,1006,1,400,0,1000,3000,-180,180,100,200,5000,6000,1000,3000,0,10000,0,400,300
*,1007,1,500,20,1500,3000,-60,60,100,200,5000,6000,1000,3000,5000,10000,1,400,300
*,1008,0,500,20,1500,3000,-60,60,100,200,5000,6000,1000,3000,99999,10000,2,99999,300
*,1009,1,5000,8,1000,3000,-180,180,100,200,5000,6000,1000,3000,2500,10000,2,400,300
*,1010,0,-1,20,1500,3000,-60,60,100,200,5000,6000,1000,3000,500,10000,2,400,300
*,1011,1,500,0,1000,3000,-180,180,100,200,5000,6000,1000,3000,500,10000,1,400,300
*,1012,1,750,5,1500,2000,-60,60,100,200,5000,6000,1000,3000,750,10000,1,400,300
*,1013,1,1500,0,1500,2000,-180,180,100,200,5000,6000,1000,3000,1500,10000,1,400,300
*,1014,0,-1,15,1500,3000,-60,60,100,200,5000,6000,1000,3000,1000,10000,1,400,300
*,1015,1,10000,35,1500,3000,-60,60,100,200,5000,6000,1000,3000,10000,10000,1,400,300
*,1016,0,-1,35,1500,3000,-60,60,100,200,5000,6000,1000,3000,500,10000,0,400,300
