,BadgeID,徽章颜色,徽章种类,徽章等级,属性加成,属性加成值,属性加成,属性加成值,升级消耗金钱类型,升级花费,升级需要数量
,STRING,INT,INT,INT,INT,INT,INT,INT,INT,INT,INT
*,ID,Color,BadgeType,Lv,Status1,Value1,Status2,Value2,MoneyType,UpgradeCost,UpgradeCount
*,50001,0,1,1,2001,50,,,0,100000,4
*,50002,0,1,2,2001,100,,,0,400000,4
*,50003,0,1,3,2001,200,,,0,1600000,4
*,50004,0,1,4,2001,600,,,0,6400000,4
*,50005,0,1,5,2001,1000,,,0,25600000,4
*,50006,0,1,6,2001,1500,,,0,102400000,4
*,50007,0,1,7,2001,2000,,,0,409600000,4
*,50008,0,1,8,2001,2500,,,,,
*,50011,0,2,1,2006,50,,,0,100000,4
*,50012,0,2,2,2006,100,,,0,400000,4
*,50013,0,2,3,2006,200,,,0,1600000,4
*,50014,0,2,4,2006,600,,,0,6400000,4
*,50015,0,2,5,2006,1000,,,0,25600000,4
*,50016,0,2,6,2006,1500,,,0,102400000,4
*,50017,0,2,7,2006,2000,,,0,409600000,4
*,50018,0,2,8,2006,2500,,,,,
*,50021,0,3,1,1012,50,,,0,100000,4
*,50022,0,3,2,1012,100,,,0,400000,4
*,50023,0,3,3,1012,200,,,0,1600000,4
*,50024,0,3,4,1012,600,,,0,6400000,4
*,50025,0,3,5,1012,1000,,,0,25600000,4
*,50026,0,3,6,1012,1500,,,0,102400000,4
*,50027,0,3,7,1012,2000,,,0,409600000,4
*,50028,0,3,8,1012,2500,,,,,
*,50101,1,4,1,2002,50,,,0,100000,4
*,50102,1,4,2,2002,100,,,0,400000,4
*,50103,1,4,3,2002,200,,,0,1600000,4
*,50104,1,4,4,2002,600,,,0,6400000,4
*,50105,1,4,5,2002,1000,,,0,25600000,4
*,50106,1,4,6,2002,1500,,,0,102400000,4
*,50107,1,4,7,2002,2000,,,0,409600000,4
*,50108,1,4,8,2002,2500,,,,,
*,50111,1,5,1,2005,50,,,0,100000,4
*,50112,1,5,2,2005,100,,,0,400000,4
*,50113,1,5,3,2005,200,,,0,1600000,4
*,50114,1,5,4,2005,600,,,0,6400000,4
*,50115,1,5,5,2005,1000,,,0,25600000,4
*,50116,1,5,6,2005,1500,,,0,102400000,4
*,50117,1,5,7,2005,2000,,,0,409600000,4
*,50118,1,5,8,2005,2500,,,,,
*,50121,1,6,1,1013,50,,,0,100000,4
*,50122,1,6,2,1013,100,,,0,400000,4
*,50123,1,6,3,1013,200,,,0,1600000,4
*,50124,1,6,4,1013,600,,,0,6400000,4
*,50125,1,6,5,1013,1000,,,0,25600000,4
*,50126,1,6,6,1013,1500,,,0,102400000,4
*,50127,1,6,7,1013,2000,,,0,409600000,4
*,50128,1,6,8,1013,2500,,,,,
*,50201,2,7,1,2003,50,,,0,100000,4
*,50202,2,7,2,2003,100,,,0,400000,4
*,50203,2,7,3,2003,200,,,0,1600000,4
*,50204,2,7,4,2003,600,,,0,6400000,4
*,50205,2,7,5,2003,1000,,,0,25600000,4
*,50206,2,7,6,2003,1500,,,0,102400000,4
*,50207,2,7,7,2003,2000,,,0,409600000,4
*,50208,2,7,8,2003,2500,,,,,
*,50211,2,8,1,2004,50,,,0,100000,4
*,50212,2,8,2,2004,100,,,0,400000,4
*,50213,2,8,3,2004,200,,,0,1600000,4
*,50214,2,8,4,2004,600,,,0,6400000,4
*,50215,2,8,5,2004,1000,,,0,25600000,4
*,50216,2,8,6,2004,1500,,,0,102400000,4
*,50217,2,8,7,2004,2000,,,0,409600000,4
*,50218,2,8,8,2004,2500,,,,,
*,50221,2,9,1,2007,50,,,0,100000,4
*,50222,2,9,2,2007,100,,,0,400000,4
*,50223,2,9,3,2007,200,,,0,1600000,4
*,50224,2,9,4,2007,600,,,0,6400000,4
*,50225,2,9,5,2007,1000,,,0,25600000,4
*,50226,2,9,6,2007,1500,,,0,102400000,4
*,50227,2,9,7,2007,2000,,,0,409600000,4
*,50228,2,9,8,2007,2500,,,,,
