,等级,推荐战斗力,升级经验值,攻击力,生命值,防御力,命中,闪避,暴击,韧性,攻击力,生命值,防御力,命中,闪避,暴击,韧性,攻击力,生命值,防御力,命中,闪避,暴击,韧性,固定增伤,固定减伤,暴击增伤,暴击减免,抗晕眩,抗击倒,防御系数,闪避系数,韧性系数,命中系数,暴击系数
,INT,INT,INT,INT,INT,INT,INT,INT,INT,INT,INT,INT,INT,INT,INT,INT,INT,INT,INT,INT,INT,INT,INT,INT,INT,INT,INT,INT,INT,INT,INT,INT,INT,INT,INT
*,Lv,RecomPower,Exp,ATKXD,HPXD,DEFXD,HITXD,DGEXD,CRIXD,RESXD,ATKQJ,HPQJ,DEFQJ,HITQJ,DGEQJ,CRIQJ,RESQJ,ATKNQ,HPNQ,DEFNQ,HITNQ,DGENQ,CRINQ,RESNQ,EXDPA,EXRPA,CRDPA,CRRPA,ANTISTUN,ANTIKNOCKDOWN,DEFAPA,DGEAPA,RESAPA,HITAPA,CRIAPA
*,1,120425,400,300,3000,35,480,60,220,20,300,3000,35,300,60,140,20,300,3000,35,1000,60,360,20,0,0,5000,0,0,0,3158,6317,3158,316,3158
*,2,126225,720,460,7520,55,500,60,240,20,440,7960,85,320,60,140,20,550,4140,40,1060,60,360,20,0,0,5000,0,0,0,3317,6633,3317,332,3317
*,3,132025,1500,480,9560,60,520,60,240,40,460,10420,100,320,60,140,40,660,6420,60,1100,60,380,40,0,0,5000,0,0,0,3475,6950,3475,348,3475
*,4,137825,10000,500,10000,60,540,60,260,40,480,10900,100,340,60,160,40,700,6720,60,1160,60,400,40,0,0,5000,0,0,0,3633,7267,3633,363,3633
*,5,145175,15000,520,10420,80,560,60,280,40,500,11380,120,360,60,160,40,720,7020,60,1200,60,420,40,0,0,5000,0,0,0,3792,7583,3792,379,3792
*,6,150175,30000,540,10860,80,600,60,280,40,520,11860,120,380,60,160,40,760,7300,60,1260,60,440,40,0,0,5000,0,0,0,3950,7900,3950,395,3950
*,7,156800,40000,560,11300,80,620,80,300,40,540,12320,120,380,80,180,40,780,7600,60,1300,80,460,40,0,0,5000,0,0,0,4108,8217,4108,411,4108
*,8,161600,50000,580,11740,80,640,80,300,40,560,12800,120,400,80,180,40,820,7900,60,1360,80,480,40,0,0,5000,0,0,0,4267,8533,4267,427,4267
*,9,167300,60000,600,12160,80,660,80,320,40,580,13280,140,420,80,180,40,840,8180,60,1400,80,500,40,0,0,5000,0,0,0,4425,8850,4425,443,4425
*,10,172100,70000,620,12600,80,680,80,320,40,600,13760,140,440,80,200,40,880,8480,60,1460,80,500,40,0,0,5000,0,0,0,4583,9167,4583,458,4583
*,11,185550,80000,660,13480,100,740,80,360,40,640,14700,140,460,80,200,40,940,9060,80,1560,80,540,40,0,0,5000,0,0,0,6125,12250,6125,613,6125
*,12,199275,90000,720,14340,100,780,100,380,40,680,15660,160,500,100,220,40,1000,9660,80,1660,100,580,40,0,0,5000,0,0,0,6521,13042,6521,652,6521
*,13,210075,100000,760,15220,100,840,100,400,40,720,16600,160,520,100,240,40,1060,10240,80,1760,100,620,40,0,0,5000,0,0,0,6917,13833,6917,692,6917
*,14,221575,300000,800,16080,100,880,100,420,60,760,17560,180,560,100,240,60,1120,10820,80,1860,100,660,60,0,0,5000,0,0,0,7313,14625,7313,731,7313
*,15,233825,300000,840,16960,120,920,100,440,60,800,18500,180,580,100,260,60,1180,11400,80,1960,100,680,60,0,0,5000,0,0,0,7708,15417,7708,771,7708
*,16,245350,300000,880,17820,120,980,120,460,60,840,19460,200,620,120,280,60,1240,12000,100,2060,120,720,60,0,0,5000,0,0,0,8104,16208,8104,810,8104
*,17,255950,350000,920,18700,120,1020,120,480,60,880,20400,200,640,120,280,60,1300,12580,100,2160,120,760,60,0,0,5000,0,0,0,8500,17000,8500,850,8500
*,18,270600,400000,980,19580,140,1060,120,500,60,920,21360,200,680,120,300,60,1360,13160,100,2260,120,800,60,0,0,5000,0,0,0,8896,17792,8896,890,8896
*,19,283125,450000,1020,20440,140,1120,140,540,60,960,22300,220,700,140,300,60,1420,13760,100,2360,140,820,60,0,0,5000,0,0,0,9292,18583,9292,929,9292
*,20,293725,500000,1060,21320,140,1160,140,560,60,1000,23260,220,740,140,320,60,1480,14340,120,2460,140,860,60,0,0,5000,0,0,0,9688,19375,9688,969,9688
*,21,311875,550000,1120,22620,160,1240,140,580,80,1060,24680,240,780,140,340,80,1560,15220,120,2600,140,920,80,0,0,5000,0,0,0,10281,20563,10281,1028,10281
*,22,329000,800000,1180,23920,160,1300,160,620,80,1140,26100,260,820,160,360,80,1660,16100,120,2760,160,960,80,0,0,5000,0,0,0,10875,21750,10875,1088,10875
*,23,348000,850000,1260,25240,160,1380,160,660,80,1200,27520,260,860,160,380,80,1740,16980,140,2900,160,1020,80,0,0,5000,0,0,0,11469,22938,11469,1147,11469
*,24,364950,1200000,1320,26540,180,1440,160,680,80,1260,28960,280,920,160,400,80,1840,17860,140,3060,160,1080,80,0,0,5000,0,0,0,12063,24125,12063,1206,12063
*,25,382275,2000000,1380,27840,180,1520,180,720,80,1320,30380,300,960,180,420,80,1920,18740,140,3200,180,1120,80,0,0,5000,0,0,0,12656,25313,12656,1266,12656
*,26,401525,3000000,1440,29160,200,1600,180,760,100,1380,31800,320,1000,180,440,100,2020,19620,160,3360,180,1180,100,0,0,5000,0,0,0,13250,26500,13250,1325,13250
*,27,421050,5000000,1520,30460,200,1660,200,800,100,1440,33220,320,1040,200,460,100,2100,20480,160,3500,200,1240,100,0,0,5000,0,0,0,13844,27688,13844,1384,13844
*,28,438200,5000000,1580,31760,220,1740,200,820,100,1500,34660,340,1100,200,480,100,2200,21360,160,3660,200,1280,100,0,0,5000,0,0,0,14438,28875,14438,1444,14438
*,29,455325,5000000,1640,33060,220,1800,220,860,100,1560,36080,360,1140,220,500,100,2280,22240,180,3800,220,1340,100,0,0,5000,0,0,0,15031,30063,15031,1503,15031
*,30,473575,5000000,1700,34380,240,1880,220,900,100,1620,37500,360,1180,220,520,100,2380,23120,180,3960,220,1380,100,0,0,5000,0,0,0,19271,38542,19271,1927,19271
*,31,499100,8000000,1800,36120,240,1980,240,940,120,1700,39400,380,1240,240,540,120,2500,24300,200,4160,240,1460,120,0,0,5000,0,0,0,20247,40494,20247,2025,20247
*,32,521850,10000000,1880,37860,260,2060,240,980,120,1780,41300,400,1300,240,580,120,2620,25460,200,4360,240,1520,120,0,0,5000,0,0,0,21224,42447,21224,2122,21224
*,33,543975,15000000,1960,39600,260,2160,260,1020,120,1880,43200,420,1360,260,600,120,2740,26640,200,4560,260,1600,120,0,0,5000,0,0,0,22200,44400,22200,2220,22200
*,34,571325,20000000,2060,41340,280,2260,260,1080,140,1960,45100,440,1420,260,620,140,2860,27820,220,4760,260,1680,140,0,0,5000,0,0,0,23176,46353,23176,2318,23176
*,35,595100,20000000,2140,43080,300,2360,280,1120,140,2040,47000,460,1480,280,660,140,2980,28980,220,4960,280,1740,140,0,0,5000,0,0,0,30191,60382,30191,3019,30191
*,36,616200,20000000,2220,44820,300,2440,280,1160,140,2120,48900,480,1540,280,680,140,3100,30160,240,5160,280,1820,140,0,0,5000,0,0,0,31411,62823,31411,3141,31411
*,37,642375,25000000,2320,46560,320,2540,300,1200,140,2200,50800,500,1600,300,700,140,3220,31320,240,5360,300,1880,140,0,0,5000,0,0,0,32632,65264,32632,3263,32632
*,38,665675,25000000,2400,48300,320,2640,300,1260,160,2280,52700,520,1660,300,740,160,3340,32500,260,5560,300,1960,160,0,0,5000,0,0,0,33852,67705,33852,3385,33852
*,39,689550,25000000,2480,50060,340,2740,320,1300,160,2360,54600,540,1720,320,760,160,3460,33680,260,5760,320,2020,160,0,0,5000,0,0,0,35073,70146,35073,3507,35073
*,40,713875,30000000,2580,51800,340,2820,340,1340,160,2440,56500,560,1780,340,780,160,3580,34840,280,5960,340,2100,160,0,0,5000,0,0,0,39197,78394,39197,3920,39197
*,41,743525,35000000,2680,53960,360,2940,340,1400,180,2560,58880,580,1860,340,820,180,3720,36300,280,6220,340,2180,180,0,0,5000,0,0,0,40845,81689,40845,4084,40845
*,42,775500,35000000,2800,56140,380,3060,360,1460,180,2660,61260,600,1920,360,860,180,3880,37780,300,6460,360,2260,180,0,0,5000,0,0,0,42492,84984,42492,4249,42492
*,43,805075,40000000,2900,58320,400,3180,380,1520,180,2760,63620,620,2000,380,880,180,4020,39240,300,6720,380,2360,180,0,0,5000,0,0,0,44140,88280,44140,4414,44140
*,44,833175,45000000,3000,60500,400,3300,380,1580,200,2860,66000,640,2080,380,920,200,4180,40700,320,6960,380,2440,200,0,0,5000,0,0,0,45788,91575,45788,4579,45788
*,45,864150,50000000,3120,62680,420,3420,400,1620,200,2960,68380,680,2160,400,940,200,4340,42160,340,7220,400,2540,200,0,0,5000,0,0,0,47435,94870,47435,4744,47435
*,46,893725,55000000,3220,64860,440,3540,420,1680,200,3060,70760,700,2220,420,980,200,4480,43620,340,7460,420,2620,200,0,0,5000,0,0,0,49083,98166,49083,4908,49083
*,47,925875,65000000,3340,67040,460,3660,420,1740,220,3160,73120,720,2300,420,1020,220,4640,45100,360,7720,420,2700,220,0,0,5000,0,0,0,50730,101461,50730,5073,50730
*,48,953700,73650000,3440,69200,460,3780,440,1800,220,3280,75500,740,2380,440,1040,220,4780,46560,360,7960,440,2800,220,0,0,5000,0,0,0,52378,104756,52378,5238,52378
*,49,983275,80100000,3540,71380,480,3900,460,1860,220,3380,77880,760,2460,460,1080,220,4940,48020,380,8220,460,2880,220,0,0,5000,0,0,0,54026,108052,54026,5403,54026
*,50,1015425,86750000,3660,73560,500,4020,460,1920,240,3480,80260,780,2520,460,1120,240,5080,49480,380,8480,460,2980,240,0,0,5000,0,0,0,55673,111347,55673,5567,55673
*,51,1049800,91050000,3780,76180,520,4160,480,1980,240,3600,83100,820,2620,480,1160,240,5260,51240,400,8780,480,3080,240,0,0,5000,0,0,0,57651,115301,57651,5765,57651
*,52,1087475,95450000,3920,78780,540,4300,500,2040,260,3720,85960,840,2700,500,1200,260,5440,53000,420,9080,500,3180,260,0,0,5000,0,0,0,59628,119256,59628,5963,59628
*,53,1121200,96800000,4040,81400,540,4440,520,2120,260,3840,88800,880,2800,520,1240,260,5620,54760,420,9380,520,3280,260,0,0,5000,0,0,0,61605,123210,61605,6161,61605
*,54,1157975,98800000,4180,84020,560,4580,540,2180,260,3980,91660,900,2880,540,1280,260,5800,56520,440,9680,540,3400,260,0,0,5000,0,0,0,63582,127164,63582,6358,63582
*,55,1194250,100800000,4300,86620,580,4720,560,2260,280,4100,94500,920,2980,560,1320,280,5980,58280,460,9980,560,3500,280,0,0,5000,0,0,0,65559,131119,65559,6556,65559
*,56,1230200,100800000,4440,89240,600,4860,560,2320,280,4220,97360,960,3060,560,1360,280,6160,60040,480,10280,560,3600,280,0,0,5000,0,0,0,67537,135073,67537,6754,67537
*,57,1265775,110800000,4560,91860,620,5020,580,2380,300,4340,100200,980,3160,580,1400,300,6340,61800,480,10580,580,3720,300,0,0,5000,0,0,0,69514,139028,69514,6951,69514
*,58,1303450,123950000,4700,94460,640,5160,600,2460,300,4460,103060,1020,3240,600,1440,300,6520,63540,500,10880,600,3820,300,0,0,5000,0,0,0,71491,142982,71491,7149,71491
*,59,1337825,135000000,4820,97080,660,5300,620,2520,300,4580,105900,1040,3340,620,1480,300,6700,65300,520,11180,620,3920,300,0,0,5000,0,0,0,73468,146936,73468,7347,73468
*,60,1375500,145000000,4960,99680,680,5440,640,2580,320,4720,108760,1060,3420,640,1520,320,6880,67060,520,11480,640,4020,320,0,0,5000,0,0,0,75445,150891,75445,7545,75445
*,61,1415675,160000000,5100,102740,700,5600,660,2660,320,4860,112080,1100,3520,660,1560,320,7100,69120,540,11840,660,4160,320,0,0,5000,0,0,0,77752,155504,77752,7775,77752
*,62,1459350,180000000,5260,105780,720,5780,680,2740,340,5000,115400,1140,3640,680,1600,340,7300,71160,560,12180,680,4280,340,0,0,5000,0,0,0,80059,160118,80059,8006,80059
*,63,1499525,200000000,5400,108840,740,5940,700,2820,340,5140,118720,1160,3740,700,1640,340,7520,73220,580,12540,700,4400,340,0,0,5000,0,0,0,82365,164731,82365,8237,82365
*,64,1543000,220000000,5560,111880,760,6100,720,2900,360,5280,122060,1200,3840,720,1700,360,7720,75260,580,12880,720,4520,360,0,0,5000,0,0,0,84672,169344,84672,8467,84672
*,65,1585475,230000000,5720,114920,780,6260,740,2980,360,5440,125380,1220,3940,740,1740,360,7940,77320,600,13240,740,4640,360,0,0,5000,0,0,0,86979,173958,86979,8698,86979
*,66,1626850,240000000,5860,117980,800,6440,760,3060,380,5580,128700,1260,4060,760,1780,380,8160,79360,620,13580,760,4760,380,0,0,5000,0,0,0,89286,178571,89286,8929,89286
*,67,1669325,240000000,6020,121020,820,6600,780,3140,380,5720,132020,1300,4160,780,1840,380,8360,81420,640,13940,780,4880,380,0,0,5000,0,0,0,91592,183185,91592,9159,91592
*,68,1710500,240000000,6160,124080,840,6760,800,3220,400,5860,135360,1320,4260,800,1880,400,8580,83460,660,14280,800,5020,400,0,0,5000,0,0,0,93899,187798,93899,9390,93899
*,69,1753175,240000000,6320,127120,860,6940,820,3300,400,6000,138680,1360,4360,820,1920,400,8780,85520,660,14640,820,5140,400,0,0,5000,0,0,0,96206,192412,96206,9621,96206
*,70,1794250,244250000,6460,130160,880,7100,840,3380,420,6160,142000,1400,4480,840,1980,420,9000,87560,680,14980,840,5260,420,0,0,5000,0,0,0,98513,197025,98513,9851,98513
*,71,1842825,251300000,6640,133660,900,7300,860,3480,420,6320,145800,1420,4600,860,2020,420,9240,89920,700,15380,860,5400,420,0,0,5000,0,0,0,101149,202298,101149,10115,101149
*,72,1891100,258450000,6820,137140,920,7480,880,3560,440,6480,149600,1460,4700,880,2080,440,9480,92260,720,15800,880,5540,440,0,0,5000,0,0,0,103785,207570,103785,10379,103785
*,73,1937175,265700000,6980,140620,940,7680,900,3660,440,6640,153400,1500,4820,900,2140,440,9720,94600,740,16200,900,5680,440,0,0,5000,0,0,0,106421,212843,106421,10642,106421
*,74,1987100,273050000,7160,144100,980,7860,920,3740,460,6820,157200,1540,4940,920,2180,460,9960,96940,760,16600,920,5820,460,0,0,5000,0,0,0,109058,218115,109058,10906,109058
*,75,2036575,280500000,7340,147580,1000,8060,940,3840,480,6980,161000,1580,5060,940,2240,480,10200,99280,780,17000,940,5960,480,0,0,5000,0,0,0,111694,223388,111694,11169,111694
*,76,2081450,288050000,7500,151060,1020,8240,960,3920,480,7140,164800,1620,5180,960,2280,480,10440,101620,800,17400,960,6100,480,0,0,5000,0,0,0,114330,228660,114330,11433,114330
*,77,2130925,295700000,7680,154540,1040,8440,980,4020,500,7300,168600,1660,5300,980,2340,500,10680,103980,820,17800,980,6240,500,0,0,5000,0,0,0,116966,233933,116966,11697,116966
*,78,2178300,303450000,7860,158040,1060,8620,1000,4100,500,7480,172400,1700,5420,1000,2400,500,10920,106320,840,18200,1000,6380,500,0,0,5000,0,0,0,119603,239205,119603,11960,119603
*,79,2226200,315250000,8020,161520,1080,8820,1040,4200,520,7640,176200,1720,5540,1040,2440,520,11160,108660,860,18600,1040,6520,520,0,0,5000,0,0,0,122239,244478,122239,12224,122239
*,80,2275125,327250000,8200,165000,1120,9000,1060,4280,520,7800,180000,1760,5660,1060,2500,520,11400,111000,860,19000,1060,6660,520,0,0,5000,0,0,0,124875,249750,124875,12488,124875
