,,,年,月,日,时,分,秒,,年,月,日,时,分,秒,,,,,,,,,
*,ID,StartTime,Unexport,Unexport,Unexport,Unexport,Unexport,Unexport,EndTime,Unexport,Unexport,Unexport,Unexport,Unexport,Unexport,Unexport,Unexport,,,,,,,Unexport
*,101,2018-4-11-19-28-00,2018,4,11,19,28,00,2018-4-11-20-28-00,2018,4,11,20,28,00,#,101#102#103#104#105#106#107#108#109#110#111#112#113#114#115,,,,,,,53
*,102,2018-4-12-19-22-00,2018,4,12,19,22,00,2018-4-12-20-20-00,2018,4,12,20,20,00,#,,,,,,,,54
*,103,2018-4-13-19-18-00,2018,4,13,19,18,00,2018-4-13-20-16-00,2018,4,13,20,16,00,#,,,,,,,,45
*,104,2018-4-14-19-28-00,2018,4,14,19,28,00,2018-4-14-20-30-00,2018,4,14,20,30,00,#,,,,,,,,47
*,105,2018-4-15-19-26-00,2018,4,15,19,26,00,2018-4-15-20-15-00,2018,4,15,20,15,00,#,,,,,,,,49
*,106,2018-4-16-19-30-00,2018,4,16,19,30,00,2018-4-16-20-24-00,2018,4,16,20,24,00,#,,,,,,,,50
*,107,2018-4-17-19-26-00,2018,4,17,19,26,00,2018-4-17-20-29-00,2018,4,17,20,29,00,#,,,,,,,,49
*,108,2018-4-18-19-17-00,2018,4,18,19,17,00,2018-4-18-20-23-00,2018,4,18,20,23,00,#,,,,,,,,48
*,109,2018-4-19-19-19-00,2018,4,19,19,19,00,2018-4-19-20-29-00,2018,4,19,20,29,00,#,,,,,,,,54
*,110,2018-4-20-19-24-00,2018,4,20,19,24,00,2018-4-20-20-24-00,2018,4,20,20,24,00,#,,,,,,,,49
*,111,2018-4-21-19-17-00,2018,4,21,19,17,00,2018-4-21-20-26-00,2018,4,21,20,26,00,#,,,,,,,,55
*,112,2018-4-22-19-25-00,2018,4,22,19,25,00,2018-4-22-20-30-00,2018,4,22,20,30,00,#,,,,,,,,47
*,113,2018-4-23-19-22-00,2018,4,23,19,22,00,2018-4-23-20-29-00,2018,4,23,20,29,00,#,,,,,,,,49
*,114,2018-4-24-19-16-00,2018,4,24,19,16,00,2018-4-24-20-28-00,2018,4,24,20,28,00,#,,,,,,,,51
*,115,2018-4-25-19-26-00,2018,4,25,19,26,00,2018-4-25-20-21-00,2018,4,25,20,21,00,,,,,,,,,50
*,201,2018-4-11-20-53-00,2018,4,11,20,53,00,2018-4-11-21-30-00,2018,4,11,21,30,00,#,201#202#203#204#205#206#207#208#209#210#211#212#213#214#215,,,,,,,
*,202,2018-4-12-20-56-00,2018,4,12,20,56,00,2018-4-12-21-28-00,2018,4,12,21,28,00,#,,,,,,,,51
*,203,2018-4-13-20-52-00,2018,4,13,20,52,00,2018-4-13-21-28-00,2018,4,13,21,28,00,#,,,,,,,,46
*,204,2018-4-14-20-45-00,2018,4,14,20,45,00,2018-4-14-21-29-00,2018,4,14,21,29,00,#,,,,,,,,52
*,205,2018-4-15-20-53-00,2018,4,15,20,53,00,2018-4-15-21-29-00,2018,4,15,21,29,00,#,,,,,,,,50
*,206,2018-4-16-20-46-00,2018,4,16,20,46,00,2018-4-16-21-25-00,2018,4,16,21,25,00,#,,,,,,,,
*,207,2018-4-17-20-42-00,2018,4,17,20,42,00,2018-4-17-21-25-00,2018,4,17,21,25,00,#,,,,,,,,
*,208,2018-4-18-20-56-00,2018,4,18,20,56,00,2018-4-18-21-26-00,2018,4,18,21,26,00,#,,,,,,,,
*,209,2018-4-19-20-53-00,2018,4,19,20,53,00,2018-4-19-21-27-00,2018,4,19,21,27,00,#,,,,,,,,13
*,210,2018-4-20-20-50-00,2018,4,20,20,50,00,2018-4-20-21-28-00,2018,4,20,21,28,00,#,,,,,,,,9
*,211,2018-4-21-20-43-00,2018,4,21,20,43,00,2018-4-21-21-28-00,2018,4,21,21,28,00,#,,,,,,,,11
*,212,2018-4-22-20-57-00,2018,4,22,20,57,00,2018-4-22-21-25-00,2018,4,22,21,25,00,#,,,,,,,,5
*,213,2018-4-23-20-40-00,2018,4,23,20,40,00,2018-4-23-21-26-00,2018,4,23,21,26,00,#,,,,,,,,
*,214,2018-4-24-20-50-00,2018,4,24,20,50,00,2018-4-24-21-28-00,2018,4,24,21,28,00,#,,,,,,,,
*,215,2018-4-25-20-59-00,2018,4,25,20,59,00,2018-4-25-21-25-00,2018,4,25,21,25,00,,,,,,,,,
*,301,2018-4-11-21-43-00,2018,4,11,21,43,00,2018-4-11-22-24-00,2018,4,11,22,24,00,#,301#302#303#304#305#306#307#308#309#310#311#312#313#314#315,,,,,,,
*,302,2018-4-12-21-48-00,2018,4,12,21,48,00,2018-4-12-22-20-00,2018,4,12,22,20,00,#,,,,,,,,
*,303,2018-4-13-21-44-00,2018,4,13,21,44,00,2018-4-13-22-27-00,2018,4,13,22,27,00,#,,,,,,,,
*,304,2018-4-14-21-44-00,2018,4,14,21,44,00,2018-4-14-22-28-00,2018,4,14,22,28,00,#,,,,,,,,
*,305,2018-4-15-21-43-00,2018,4,15,21,43,00,2018-4-15-22-22-00,2018,4,15,22,22,00,#,,,,,,,,
*,306,2018-4-16-21-45-00,2018,4,16,21,45,00,2018-4-16-22-29-00,2018,4,16,22,29,00,#,,,,,,,,
*,307,2018-4-17-21-38-00,2018,4,17,21,38,00,2018-4-17-22-27-00,2018,4,17,22,27,00,#,,,,,,,,
*,308,2018-4-18-21-50-00,2018,4,18,21,50,00,2018-4-18-22-22-00,2018,4,18,22,22,00,#,,,,,,,,
*,309,2018-4-19-21-46-00,2018,4,19,21,46,00,2018-4-19-22-29-00,2018,4,19,22,29,00,#,,,,,,,,
*,310,2018-4-20-21-44-00,2018,4,20,21,44,00,2018-4-20-22-22-00,2018,4,20,22,22,00,#,,,,,,,,
*,311,2018-4-21-21-36-00,2018,4,21,21,36,00,2018-4-21-22-23-00,2018,4,21,22,23,00,#,,,,,,,,
*,312,2018-4-22-21-39-00,2018,4,22,21,39,00,2018-4-22-22-24-00,2018,4,22,22,24,00,#,,,,,,,,
*,313,2018-4-23-21-50-00,2018,4,23,21,50,00,2018-4-23-22-23-00,2018,4,23,22,23,00,#,,,,,,,,
*,314,2018-4-24-21-45-00,2018,4,24,21,45,00,2018-4-24-22-22-00,2018,4,24,22,22,00,#,,,,,,,,
*,315,2018-4-25-21-45-00,2018,4,25,21,45,00,2018-4-25-22-21-00,2018,4,25,22,21,00,,,,,,,,,
*,401,2018-4-11-19-25-00,2018,4,11,19,25,00,2018-4-11-21-45-00,2018,4,11,21,45,00,#,401#402#403#404#405#406#407#408#409#410#411#412#413#414#415,,,,,,,
*,402,2018-4-12-19-25-00,2018,4,12,19,25,00,2018-4-12-21-42-00,2018,4,12,21,42,00,#,,,,,,,,
*,403,2018-4-13-19-22-00,2018,4,13,19,22,00,2018-4-13-21-45-00,2018,4,13,21,45,00,#,,,,,,,,
*,404,2018-4-14-19-27-00,2018,4,14,19,27,00,2018-4-14-21-36-00,2018,4,14,21,36,00,#,,,,,,,,
*,405,2018-4-15-19-22-00,2018,4,15,19,22,00,2018-4-15-21-38-00,2018,4,15,21,38,00,#,,,,,,,,
*,406,2018-4-16-19-29-00,2018,4,16,19,29,00,2018-4-16-21-39-00,2018,4,16,21,39,00,#,,,,,,,,
*,407,2018-4-17-19-29-00,2018,4,17,19,29,00,2018-4-17-21-38-00,2018,4,17,21,38,00,#,,,,,,,,
*,408,2018-4-18-19-22-00,2018,4,18,19,22,00,2018-4-18-21-38-00,2018,4,18,21,38,00,#,,,,,,,,
*,409,2018-4-19-19-24-00,2018,4,19,19,24,00,2018-4-19-21-36-00,2018,4,19,21,36,00,#,,,,,,,,
*,410,2018-4-20-19-28-00,2018,4,20,19,28,00,2018-4-20-21-44-00,2018,4,20,21,44,00,#,,,,,,,,
*,411,2018-4-21-19-26-00,2018,4,21,19,26,00,2018-4-21-21-35-00,2018,4,21,21,35,00,#,,,,,,,,
*,412,2018-4-22-19-20-00,2018,4,22,19,20,00,2018-4-22-21-36-00,2018,4,22,21,36,00,#,,,,,,,,
*,413,2018-4-23-19-27-00,2018,4,23,19,27,00,2018-4-23-21-43-00,2018,4,23,21,43,00,#,,,,,,,,
*,414,2018-4-24-19-23-00,2018,4,24,19,23,00,2018-4-24-21-45-00,2018,4,24,21,45,00,#,,,,,,,,
*,415,2018-4-25-19-21-00,2018,4,25,19,21,00,2018-4-25-21-37-00,2018,4,25,21,37,00,,,,,,,,,
*,501,2018-4-11-17-16-00,2018,4,11,17,16,00,2018-4-11-18-47-00,2018,4,11,18,47,00,#,501#502#503#504#505#506#507#508#509#510#511#512#513#514#515,,,,,,,
*,502,2018-4-12-17-8-00,2018,4,12,17,8,00,2018-4-12-18-55-00,2018,4,12,18,55,00,#,,,,,,,,
*,503,2018-4-13-17-8-00,2018,4,13,17,8,00,2018-4-13-18-52-00,2018,4,13,18,52,00,#,,,,,,,,
*,504,2018-4-14-17-6-00,2018,4,14,17,6,00,2018-4-14-18-53-00,2018,4,14,18,53,00,#,,,,,,,,
*,505,2018-4-15-17-18-00,2018,4,15,17,18,00,2018-4-15-18-50-00,2018,4,15,18,50,00,#,,,,,,,,
*,506,2018-4-16-17-10-00,2018,4,16,17,10,00,2018-4-16-18-45-00,2018,4,16,18,45,00,#,,,,,,,,
*,507,2018-4-17-17-12-00,2018,4,17,17,12,00,2018-4-17-18-46-00,2018,4,17,18,46,00,#,,,,,,,,
*,508,2018-4-18-17-32-00,2018,4,18,17,32,00,2018-4-18-18-52-00,2018,4,18,18,52,00,#,,,,,,,,
*,509,2018-4-19-17-9-00,2018,4,19,17,9,00,2018-4-19-18-48-00,2018,4,19,18,48,00,#,,,,,,,,
*,510,2018-4-20-17-26-00,2018,4,20,17,26,00,2018-4-20-18-52-00,2018,4,20,18,52,00,#,,,,,,,,
*,511,2018-4-21-17-10-00,2018,4,21,17,10,00,2018-4-21-18-51-00,2018,4,21,18,51,00,#,,,,,,,,
*,512,2018-4-22-17-18-00,2018,4,22,17,18,00,2018-4-22-18-52-00,2018,4,22,18,52,00,#,,,,,,,,
*,513,2018-4-23-17-28-00,2018,4,23,17,28,00,2018-4-23-18-50-00,2018,4,23,18,50,00,#,,,,,,,,
*,514,2018-4-24-17-5-00,2018,4,24,17,5,00,2018-4-24-18-55-00,2018,4,24,18,55,00,#,,,,,,,,
*,515,2018-4-25-17-27-00,2018,4,25,17,27,00,2018-4-25-18-54-00,2018,4,25,18,54,00,,,,,,,,,
*,601,2018-4-10-22-48-00,2018,4,10,22,48,00,2018-4-14-23-8-00,2018,4,14,23,8,00,#,601#602#603#604,,,,,,,
*,602,2018-4-14-22-53-00,2018,4,14,22,53,00,2018-4-17-23-8-00,2018,4,17,23,8,00,#,,,,,,,,
*,603,2018-4-17-22-50-00,2018,4,17,22,50,00,2018-4-20-23-6-00,2018,4,20,23,6,00,#,,,,,,,,
*,604,2018-4-20-22-47-00,2018,4,20,22,47,00,2018-4-30-23-18-00,2018,4,30,23,18,00,,,,,,,,,
*,701,2018-4-11-22-48-00,2018,4,11,22,48,00,2018-4-15-23-8-00,2018,4,15,23,8,00,#,701#702#,,,,,,,
*,702,2018-4-16-22-53-00,2018,4,16,22,53,00,2018-4-22-23-8-00,2018,4,22,23,8,00,#,,,,,,,,
