,ID,全服最大值,,排序,,奖励ID,,,,,,,,,,,,,,,,,,,,,,,,,,,,,,,,,,,,,,,,,,,,,最小等级,最大等级,全部服务器,前置包ID,充值额度,充值额度,出现时间,,string,string,Int
*,ID,MaxCount,SellType,sortID,showmodeltype,XDItemID1,XDItemCount1,XDQuality1,XDItemID2,XDItemCount2,XDQuality2,XDItemID3,XDItemCount3,XDQuality3,XDItemID4,XDItemCount4,XDQuality4,QJItemID1,QJItemCount1,QJQuality1,QJItemID2,QJItemCount2,QJQuality2,QJItemID3,QJItemCount3,QJQuality3,QJItemID4,QJItemCount4,QJQuality4,NQItemID1,NQItemCount1,NQQuality1,NQItemID2,NQItemCount2,NQQuality2,NQItemID3,NQItemCount3,NQQuality3,NQItemID4,NQItemCount4,NQQuality4,ItemID5,ItemCount5,Quality5,PriceType,PriceCost,ProductId,Dollor,TextureTitle1,TextureTitle2,LevelMin,LevelMax,ServerID,FatherID,RechargeMin,RechargeMax,TimeList,Name,Icon,Discount,IconQuality
,2,0,1,1,2,9305,1,3,10601,1,3,10101,1,3,9601,50,2,9305,1,3,20601,1,3,20101,1,3,9601,50,2,9305,1,3,30601,1,3,30101,1,3,9601,50,2,5003,10,3,2,3888,,,banner_Mistery2,banner_Mistery1,,,,,,,,,,,
,3,0,0,1,1,40302,1,3,40303,1,3,40304,1,3,40301,1,3,41302,1,3,41303,1,3,41304,1,3,41301,1,3,42302,1,3,42303,1,3,42304,1,3,42301,1,3,1003,100,3,,,christmas_pack_1499,14.99,CZ_SY_BIG_SALE,CZ_SY_BIG_SALE_BG_1,,,,,,,,,,,
,7,0,0,1,1,40302,1,3,40303,1,3,40304,1,3,40301,1,3,41302,1,3,41303,1,3,41304,1,3,41301,1,3,42302,1,3,42303,1,3,42304,1,3,42301,1,3,1003,100,3,,,sales_1499,14.99,CZ_SY_BIG_SALE,CZ_SY_BIG_SALE_BG,,,,,,,,,,,
*,1,0,0,2,1,46402,1,3,46403,1,3,46404,1,3,46401,1,3,47402,1,3,47403,1,3,47404,1,3,47401,1,3,48402,1,3,48403,1,3,48404,1,3,48401,1,3,1003,100,3,,,new_user_pack_999,9.99,CZ_SY_BIG_SALE,CZ_SY_BIG_SALE_BG,5,80,,,0,9999999,,,,,
*,4,0,0,3,1,9603,20,3,3001,50,3,4001,200,3,10407,1,3,9603,20,3,3001,50,3,4001,200,3,20407,1,3,9603,20,3,3001,50,3,4001,200,3,30407,1,3,1003,100,3,,,new_user_pack_499,4.99,,huoDong_PowerPack,17,80,,,0,9999999,,,,,
*,5,0,2,4,1,9603,20,3,3001,50,3,4001,200,3,10407,1,3,9603,20,3,3001,50,3,4001,200,3,20407,1,3,9603,20,3,3001,50,3,4001,200,3,30407,1,3,1003,100,3,,,sales_499,4.99,,huoDong_PowerPack,14,80,,,0,9999999,,Big Sale,CZ_icon_LiBao_1,,2
*,6,0,2,5,1,46402,1,3,46403,1,3,46404,1,3,46401,1,3,47402,1,3,47403,1,3,47404,1,3,47401,1,3,48402,1,3,48403,1,3,48404,1,3,48401,1,3,1003,100,3,,,sales_999,9.99,CZ_SY_BIG_SALE,CZ_SY_BIG_SALE_BG,5,80,,,0,9999999,,Big Sale,CZ_icon_LiBao_3,,3
,紫装备,,,,,,,,,,,,,,,,,,,,,,,,,,,,,,,,,,,,,,,,,,,,,,,,,,,,,,,,,,,,
*,601,0,2,3,1,10102,3,3,10103,3,3,10104,3,3,10105,3,3,20102,3,3,20103,3,3,20104,3,3,20105,3,3,30102,3,3,30103,3,3,30104,3,3,30105,3,3,9003,20,1,2,99,,,banner_duiHuan,CZ_duiHuan,1,20,,,0,500,,Purple Equipment Pack,CZ_icon_LiBao_3,17,3
*,602,0,2,3,1,10202,2,3,10203,2,3,10204,2,3,10205,2,3,20202,2,3,20203,2,3,20204,2,3,20205,2,3,30202,2,3,30203,2,3,30204,2,3,30205,2,3,9003,20,1,2,999,,,banner_duiHuan,CZ_duiHuan,21,30,,,0,500,,Purple Equipment Pack,CZ_icon_LiBao_3,50,3
*,603,0,2,3,1,10302,1,3,10303,1,3,10304,1,3,10305,1,3,20302,1,3,20303,1,3,20304,1,3,20305,1,3,30302,1,3,30303,1,3,30304,1,3,30305,1,3,9003,20,1,2,2999,,,banner_duiHuan,CZ_duiHuan,31,40,,,0,500,,Purple Equipment Pack,CZ_icon_LiBao_3,60,3
*,604,0,2,3,1,10402,1,3,10403,1,3,10404,1,3,10405,1,3,20402,1,3,20403,1,3,20404,1,3,20405,1,3,30402,1,3,30403,1,3,30404,1,3,30405,1,3,9003,20,1,2,6999,,,banner_duiHuan,CZ_duiHuan,41,50,,,0,500,,Purple Equipment Pack,CZ_icon_LiBao_3,70,3
*,605,0,2,3,1,10502,1,3,10503,1,3,10504,1,3,10505,1,3,20502,1,3,20503,1,3,20504,1,3,20505,1,3,30502,1,3,30503,1,3,30504,1,3,30505,1,3,9003,20,1,2,9999,,,banner_duiHuan,CZ_duiHuan,51,60,,,0,500,,Purple Equipment Pack,CZ_icon_LiBao_3,50,3
*,606,0,2,3,1,10102,3,3,10103,3,3,10104,3,3,10105,3,3,20102,3,3,20103,3,3,20104,3,3,20105,3,3,30102,3,3,30103,3,3,30104,3,3,30105,3,3,9003,20,1,2,600,,,banner_duiHuan,CZ_duiHuan,1,20,,,0,9999999,,Purple Equipment Pack,CZ_icon_LiBao_3,,3
*,607,0,2,3,1,10202,2,3,10203,2,3,10204,2,3,10205,2,3,20202,2,3,20203,2,3,20204,2,3,20205,2,3,30202,2,3,30203,2,3,30204,2,3,30205,2,3,9003,20,1,2,2000,,,banner_duiHuan,CZ_duiHuan,21,30,,,0,9999999,,Purple Equipment Pack,CZ_icon_LiBao_3,,3
*,608,0,2,3,1,10302,1,3,10303,1,3,10304,1,3,10305,1,3,20302,1,3,20303,1,3,20304,1,3,20305,1,3,30302,1,3,30303,1,3,30304,1,3,30305,1,3,9003,20,1,2,5000,,,banner_duiHuan,CZ_duiHuan,31,40,,,0,9999999,,Purple Equipment Pack,CZ_icon_LiBao_3,,3
*,609,0,2,3,1,10402,1,3,10403,1,3,10404,1,3,10405,1,3,20402,1,3,20403,1,3,20404,1,3,20405,1,3,30402,1,3,30403,1,3,30404,1,3,30405,1,3,9003,20,1,2,10000,,,banner_duiHuan,CZ_duiHuan,41,50,,,0,9999999,,Purple Equipment Pack,CZ_icon_LiBao_3,,3
*,610,0,2,3,1,10502,1,3,10503,1,3,10504,1,3,10505,1,3,20502,1,3,20503,1,3,20504,1,3,20505,1,3,30502,1,3,30503,1,3,30504,1,3,30505,1,3,9003,20,1,2,20000,,,banner_duiHuan,CZ_duiHuan,51,60,,,0,9999999,,Purple Equipment Pack,CZ_icon_LiBao_3,,3
*,611,0,2,3,1,10402,1,3,10403,1,3,10404,1,3,10405,1,3,20402,1,3,20403,1,3,20404,1,3,20405,1,3,30402,1,3,30403,1,3,30404,1,3,30405,1,3,9003,20,1,2,10000,,,banner_duiHuan,CZ_duiHuan,1,50,,,1000,9999999,,Purple Equipment Pack,CZ_icon_LiBao_3,,3
*,612,0,2,3,1,10502,1,3,10503,1,3,10504,1,3,10505,1,3,20502,1,3,20503,1,3,20504,1,3,20505,1,3,30502,1,3,30503,1,3,30504,1,3,30505,1,3,9003,20,1,2,20000,,,banner_duiHuan,CZ_duiHuan,1,60,,,1000,9999999,,Purple Equipment Pack,CZ_icon_LiBao_3,,3
*,613,0,2,3,1,10602,1,3,10603,1,3,10604,1,3,10605,1,3,20602,1,3,20603,1,3,20604,1,3,20605,1,3,30602,1,3,30603,1,3,30604,1,3,30605,1,3,4002,100,1,2,28000,,,banner_duiHuan,CZ_duiHuan,1,70,,,1000,9999999,,Purple Equipment Pack,CZ_icon_LiBao_3,,3
*,614,0,2,3,1,10702,1,3,10703,1,3,10704,1,3,10705,1,3,20702,1,3,20703,1,3,20704,1,3,20705,1,3,30702,1,3,30703,1,3,30704,1,3,30705,1,3,4002,100,1,2,35000,,,banner_duiHuan,CZ_duiHuan,1,80,,,1000,9999999,,Purple Equipment Pack,CZ_icon_LiBao_3,,3
,蓝装备,,,,,,,,,,,,,,,,,10000,,,,,,,,,,,,,,,,,,,,,,,,,,,,,,,,,,,,,,,,,,,
*,501,0,2,4,1,10302,1,2,10303,1,2,10304,1,2,10305,1,2,20302,1,2,20303,1,2,20304,1,2,20305,1,2,30302,1,2,30303,1,2,30304,1,2,30305,1,2,9003,20,1,1,1000,,,banner_duiHuan,CZ_duiHuan,31,40,,,0,500,,Blue Equipment Pack,CZ_icon_LiBao_1,50,2
*,502,0,2,4,1,10402,1,2,10403,1,2,10404,1,2,10405,1,2,20402,1,2,20403,1,2,20404,1,2,20405,1,2,30402,1,2,30403,1,2,30404,1,2,30405,1,2,9003,20,1,1,5000,,,banner_duiHuan,CZ_duiHuan,41,50,,,0,500,,Blue Equipment Pack,CZ_icon_LiBao_1,50,2
*,503,0,2,4,1,10502,1,2,10503,1,2,10504,1,2,10505,1,2,20502,1,2,20503,1,2,20504,1,2,20505,1,2,30502,1,2,30503,1,2,30504,1,2,30505,1,2,9003,20,1,2,3000,,,banner_duiHuan,CZ_duiHuan,51,60,,,0,500,,Blue Equipment Pack,CZ_icon_LiBao_1,50,2
*,504,0,2,4,1,10602,1,2,10603,1,2,10604,1,2,10605,1,2,20602,1,2,20603,1,2,20604,1,2,20605,1,2,30602,1,2,30603,1,2,30604,1,2,30605,1,2,9003,20,1,2,4000,,,banner_duiHuan,CZ_duiHuan,61,70,,,0,500,,Blue Equipment Pack,CZ_icon_LiBao_1,50,2
*,505,0,2,4,1,10702,1,2,10703,1,2,10704,1,2,10705,1,2,20702,1,2,10703,1,2,20704,1,2,20705,1,2,30702,1,2,30703,1,2,30704,1,2,30705,1,2,9003,20,1,2,5000,,,banner_duiHuan,CZ_duiHuan,71,80,,,0,500,,Blue Equipment Pack,CZ_icon_LiBao_1,50,2
*,506,0,2,4,1,10302,1,2,10303,1,2,10304,1,2,10305,1,2,20302,1,2,20303,1,2,20304,1,2,20305,1,2,30302,1,2,30303,1,2,30304,1,2,30305,1,2,9003,20,1,1,2000,,,banner_duiHuan,CZ_duiHuan,31,40,,,0,9999999,,Blue Equipment Pack,CZ_icon_LiBao_1,,2
*,507,0,2,4,1,10402,1,2,10403,1,2,10404,1,2,10405,1,2,20402,1,2,20403,1,2,20404,1,2,20405,1,2,30402,1,2,30403,1,2,30404,1,2,30405,1,2,9003,20,1,1,10000,,,banner_duiHuan,CZ_duiHuan,41,50,,,0,9999999,,Blue Equipment Pack,CZ_icon_LiBao_1,,2
*,508,0,2,4,1,10502,1,2,10503,1,2,10504,1,2,10505,1,2,20502,1,2,20503,1,2,20504,1,2,20505,1,2,30502,1,2,30503,1,2,30504,1,2,30505,1,2,9003,20,1,2,6000,,,banner_duiHuan,CZ_duiHuan,51,60,,,0,9999999,,Blue Equipment Pack,CZ_icon_LiBao_1,,2
*,509,0,2,4,1,10602,1,2,10603,1,2,10604,1,2,10605,1,2,20602,1,2,20603,1,2,20604,1,2,20605,1,2,30602,1,2,30603,1,2,30604,1,2,30605,1,2,9003,20,1,2,8000,,,banner_duiHuan,CZ_duiHuan,61,70,,,0,9999999,,Blue Equipment Pack,CZ_icon_LiBao_1,,2
*,510,0,2,4,1,10702,1,2,10703,1,2,10704,1,2,10705,1,2,20702,1,2,10703,1,2,20704,1,2,20705,1,2,30702,1,2,30703,1,2,30704,1,2,30705,1,2,9003,20,1,2,10000,,,banner_duiHuan,CZ_duiHuan,71,80,,,0,9999999,,Blue Equipment Pack,CZ_icon_LiBao_1,,2
,卖时装！,,,,,,,,,,,,,,,,,1000,,,,,,,,,,,,,,,,,,,,,,,,,,,,,,,,,,,,,,,,,,,
*,401,0,2,5,1,40102,1,3,40104,1,3,40103,1,3,40101,1,3,41102,1,3,41104,1,3,41103,1,3,41101,1,3,42102,1,3,42104,1,3,42103,1,3,42101,1,3,9003,20,1,2,2888,,,banner_duiHuan,CZ_duiHuan,5,80,,,0,9999999,,Fashion Pack,CZ_icon_LiBao_3,,3
*,402,0,2,5,1,40202,1,3,40204,1,3,40203,1,3,40201,1,3,41202,1,3,41204,1,3,41203,1,3,41201,1,3,42202,1,3,42204,1,3,42203,1,3,42201,1,3,9003,20,1,2,2888,,,banner_duiHuan,CZ_duiHuan,5,80,,,0,9999999,,Fashion Pack,CZ_icon_LiBao_3,,3
*,403,0,2,5,1,40302,1,3,40304,1,3,40303,1,3,40301,1,3,41302,1,3,41304,1,3,41303,1,3,41301,1,3,42302,1,3,42304,1,3,42303,1,3,42301,1,3,9003,20,1,2,2888,,,banner_duiHuan,CZ_duiHuan,5,80,,,0,9999999,,Fashion Pack,CZ_icon_LiBao_3,,3
*,404,0,2,5,1,40402,1,3,40404,1,3,40403,1,3,40401,1,3,41402,1,3,41404,1,3,41403,1,3,41401,1,3,42402,1,3,42404,1,3,42403,1,3,42401,1,3,9003,20,1,2,2888,,,banner_duiHuan,CZ_duiHuan,5,80,,,0,9999999,,Fashion Pack,CZ_icon_LiBao_3,,3
,405,0,2,5,1,40502,1,3,40504,1,3,40503,1,3,40501,1,3,41502,1,3,41504,1,3,41503,1,3,41501,1,3,42502,1,3,42504,1,3,42503,1,3,42501,1,3,9003,20,1,2,2888,,,banner_duiHuan,CZ_duiHuan,5,80,,,0,9999999,,Fashion Pack,CZ_icon_LiBao_3,,3
