,STRING,INT,INT,FLOAT,FLOAT,FLOAT,FLOAT,INT,INT,INT,FLOAT
*,AnimaClipName,CurveType,KeyFrameIndex,KeyTime,KeyValue,KeyInTangent,KeyOutTangent,KeyTangentMode,PreWrapMode,PostWrapMode,ClipLength
*,TestCamAnima1,3,0,0,0,0,0,0,8,8,0.1666666
*,TestCamAnima1,3,1,0.1666666,0,0,0,0,8,8,0.1666666
*,TestCamAnima1,4,0,0,0,0,0,0,8,8,0.1666666
*,TestCamAnima1,4,1,0.1666666,0,0,0,0,8,8,0.1666666
*,TestCamAnima1,5,0,0,0,0,0,0,8,8,0.1666666
*,TestCamAnima1,5,1,0.1666666,0,0,0,0,8,8,0.1666666
*,TestCamAnima1,6,0,0,1,0,0,0,8,8,0.1666666
*,TestCamAnima1,6,1,0.1666666,1,0,0,0,8,8,0.1666666
*,TestCamAnima1,0,0,0,0,0,0,0,8,8,0.1666666
*,TestCamAnima1,0,1,0.08333331,0,0,0,0,8,8,0.1666666
*,TestCamAnima1,0,2,0.1666666,0,0,0,0,8,8,0.1666666
*,TestCamAnima1,1,0,0,0,0,0,0,8,8,0.1666666
*,TestCamAnima1,1,1,0.08333331,0,0,0,0,8,8,0.1666666
*,TestCamAnima1,1,2,0.1666666,0,0,0,0,8,8,0.1666666
*,TestCamAnima1,2,0,0,0,-1.2,-1.2,0,8,8,0.1666666
*,TestCamAnima1,2,1,0.08333334,-0.5,2.384186E-07,2.384186E-07,0,8,8,0.1666666
*,TestCamAnima1,2,2,0.1666666,0,1.2,1.2,0,8,8,0.1666666
*,TestCamAnima10,2,0,0,-0.002718709,0.005437417,0.005437417,0,8,8,0.45
*,TestCamAnima10,2,1,0.2833335,0,0.005437417,Infinity,0,8,8,0.45
*,TestCamAnima10,2,2,0.3666666,0.5,0.1407916,-4.173462,0,8,8,0.45
*,TestCamAnima10,2,3,0.45,-0.002898544,-3.008692,0.004347817,0,8,8,0.45
*,TestCamAnima10,1,0,0,0,0,0,0,8,8,0.45
*,TestCamAnima10,1,1,0.2833335,0,0,0.2524798,0,8,8,0.45
*,TestCamAnima10,1,2,0.3666666,0.02103996,2.682209E-07,2.682209E-07,0,8,8,0.45
*,TestCamAnima10,1,3,0.45,0,-0.1262396,0,0,8,8,0.45
*,TestCamAnima10,0,0,0,0,0,0,0,8,8,0.45
*,TestCamAnima10,0,1,0.2833335,0,0,0,0,8,8,0.45
*,TestCamAnima10,0,2,0.3666666,0,0,0,0,8,8,0.45
*,TestCamAnima10,0,3,0.45,0,0,0,0,8,8,0.45
*,TestCamAnima10,3,0,0,0,2.280355E-39,4.203895E-45,0,8,8,0.45
*,TestCamAnima10,4,0,0,0,6.170181E-39,1.77666E-28,0,8,8,0.45
*,TestCamAnima10,5,0,0,0,1.08469E-19,5.06521E-21,0,8,8,0.45
*,TestCamAnima10,6,0,0,1,5.06521E-21,2.281202E-39,0,8,8,0.45
*,TestCamAnima14,3,0,0,0,0,0,0,8,8,0.1666666
*,TestCamAnima14,3,1,0.1666666,0,0,0,0,8,8,0.1666666
*,TestCamAnima14,4,0,0,0,0,0,0,8,8,0.1666666
*,TestCamAnima14,4,1,0.1666666,0,0,0,0,8,8,0.1666666
*,TestCamAnima14,5,0,0,0,0,0,0,8,8,0.1666666
*,TestCamAnima14,5,1,0.1666666,0,0,0,0,8,8,0.1666666
*,TestCamAnima14,6,0,0,1,0,0,0,8,8,0.1666666
*,TestCamAnima14,6,1,0.1666666,1,0,0,0,8,8,0.1666666
*,TestCamAnima14,0,0,0,0,0,0,0,8,8,0.1666666
*,TestCamAnima14,0,1,0.08333331,0,0,0,0,8,8,0.1666666
*,TestCamAnima14,0,2,0.1666666,0,0,0,0,8,8,0.1666666
*,TestCamAnima14,1,0,0,0,0,0,0,8,8,0.1666666
*,TestCamAnima14,1,1,0.08333331,0,0,0,0,8,8,0.1666666
*,TestCamAnima14,1,2,0.1666666,0,0,0,0,8,8,0.1666666
*,TestCamAnima14,2,0,0,0,-1.2,-1.2,0,8,8,0.1666666
*,TestCamAnima14,2,1,0.08333331,-0.1934924,2.384186E-07,2.384186E-07,0,8,8,0.1666666
*,TestCamAnima14,2,2,0.1666666,0,1.2,1.2,0,8,8,0.1666666
*,TestCamAnima15,3,0,0,0,0,0,0,8,8,0.9333333
*,TestCamAnima15,3,1,0.1666666,0,0,0,0,8,8,0.9333333
*,TestCamAnima15,4,0,0,0,0,0,0,8,8,0.9333333
*,TestCamAnima15,4,1,0.1666666,0,0,0,0,8,8,0.9333333
*,TestCamAnima15,5,0,0,0,0,0,0,8,8,0.9333333
*,TestCamAnima15,5,1,0.1666666,0,0,0,0,8,8,0.9333333
*,TestCamAnima15,6,0,0,1,0,0,0,8,8,0.9333333
*,TestCamAnima15,6,1,0.1666666,1,0,0,0,8,8,0.9333333
*,TestCamAnima15,0,0,0,0,0,0,0,8,8,0.9333333
*,TestCamAnima15,0,1,0.08333331,0,0,0,0,8,8,0.9333333
*,TestCamAnima15,0,2,0.1666666,0,0,0,0,8,8,0.9333333
*,TestCamAnima15,1,0,0,0,0,0,0,8,8,0.9333333
*,TestCamAnima15,1,1,0.08333331,0,0,0,0,8,8,0.9333333
*,TestCamAnima15,1,2,0.1666666,0,0,0,0,8,8,0.9333333
*,TestCamAnima15,2,0,0,0,-1.2,-1.2,0,8,8,0.9333333
*,TestCamAnima15,2,1,0.04999997,-0.1934924,2.384186E-07,2.384186E-07,0,8,8,0.9333333
*,TestCamAnima15,2,2,0.09999993,0,3.869852,0,21,8,8,0.9333333
*,TestCamAnima15,2,3,0.2166667,0,0,-7.999998,21,8,8,0.9333333
*,TestCamAnima15,2,4,0.2666667,-0.4,0,0,0,8,8,0.9333333
*,TestCamAnima15,2,5,0.3166667,0,0,0,0,8,8,0.9333333
*,TestCamAnima15,2,6,0.4166667,0,0,0,0,8,8,0.9333333
*,TestCamAnima15,2,7,0.4666667,-0.4,0,0,0,8,8,0.9333333
*,TestCamAnima15,2,8,0.5166667,0,0,0,0,8,8,0.9333333
*,TestCamAnima15,2,9,0.6333333,0,0,0,0,8,8,0.9333333
*,TestCamAnima15,2,10,0.6833333,-0.4,0,0,0,8,8,0.9333333
*,TestCamAnima15,2,11,0.7333333,0,0,0,0,8,8,0.9333333
*,TestCamAnima15,2,12,0.8333333,0,0,0,0,8,8,0.9333333
*,TestCamAnima15,2,13,0.8833333,-0.3,0,0,0,8,8,0.9333333
*,TestCamAnima15,2,14,0.9333333,0,0,0,0,8,8,0.9333333
*,TestCamAnima16,2,0,0,0,-1.2,-1.2,0,8,8,0.5
*,TestCamAnima16,2,1,0.08333334,-0.4,2.384186E-07,2.384186E-07,0,8,8,0.5
*,TestCamAnima16,2,2,0.1666666,0,4.800004,0,21,8,8,0.5
*,TestCamAnima16,2,3,0.2166667,0,0,-11.99999,21,8,8,0.5
*,TestCamAnima16,2,4,0.2333333,-0.2,0,0,0,8,8,0.5
*,TestCamAnima16,2,5,0.25,0,0,0,0,8,8,0.5
*,TestCamAnima16,2,6,0.3166667,0,0,0,0,8,8,0.5
*,TestCamAnima16,2,7,0.3333333,0.2,0,0,0,8,8,0.5
*,TestCamAnima16,2,8,0.35,0,0,0,0,8,8,0.5
*,TestCamAnima16,1,0,0,0,0,0,0,8,8,0.5
*,TestCamAnima16,1,1,0.08333331,0,0,0,0,8,8,0.5
*,TestCamAnima16,1,2,0.1666666,0,0,0,0,8,8,0.5
*,TestCamAnima16,1,3,0.2166667,0,0,0,0,8,8,0.5
*,TestCamAnima16,1,4,0.3166667,0,0,0,0,8,8,0.5
*,TestCamAnima16,1,5,0.3333333,0,0,0,0,8,8,0.5
*,TestCamAnima16,1,6,0.35,0,0,0,0,8,8,0.5
*,TestCamAnima16,1,7,0.5,0,0,0,0,8,8,0.5
*,TestCamAnima16,0,0,0,0,0,0,0,8,8,0.5
*,TestCamAnima16,0,1,0.08333331,0,0,0,0,8,8,0.5
*,TestCamAnima16,0,2,0.1666666,0,0,0,0,8,8,0.5
*,TestCamAnima16,0,3,0.2166667,0,0,0,0,8,8,0.5
*,TestCamAnima16,0,4,0.2333333,-0.2,0,0,0,8,8,0.5
*,TestCamAnima16,0,5,0.25,0,0,0,0,8,8,0.5
*,TestCamAnima16,0,6,0.3166667,0,0,0,0,8,8,0.5
*,TestCamAnima16,0,7,0.3333333,0.2,0,0,0,8,8,0.5
*,TestCamAnima16,0,8,0.3499999,0,0,0,0,8,8,0.5
*,TestCamAnima16,3,0,0,0,2.280355E-39,0,0,8,8,0.5
*,TestCamAnima16,3,1,0.1666666,0,0,0,0,8,8,0.5
*,TestCamAnima16,3,2,0.2166667,0,0,0,0,8,8,0.5
*,TestCamAnima16,3,3,0.3166667,0,0,0,0,8,8,0.5
*,TestCamAnima16,3,4,0.3333333,0,0,0,0,8,8,0.5
*,TestCamAnima16,3,5,0.35,0,0,0,0,8,8,0.5
*,TestCamAnima16,3,6,0.5,0,0,4.203895E-45,0,8,8,0.5
*,TestCamAnima16,4,0,0,0,6.170181E-39,0,0,8,8,0.5
*,TestCamAnima16,4,1,0.1666666,0,0,0,0,8,8,0.5
*,TestCamAnima16,4,2,0.2166667,0,0,0,0,8,8,0.5
*,TestCamAnima16,4,3,0.3166667,0,0,0,0,8,8,0.5
*,TestCamAnima16,4,4,0.3333333,0,0,0,0,8,8,0.5
*,TestCamAnima16,4,5,0.35,0,0,0,0,8,8,0.5
*,TestCamAnima16,4,6,0.5,0,0,1.158496E-28,0,8,8,0.5
*,TestCamAnima16,5,0,0,0,1.206801E+35,0,0,8,8,0.5
*,TestCamAnima16,5,1,0.1666666,0,0,0,0,8,8,0.5
*,TestCamAnima16,5,2,0.2166667,0,0,0,0,8,8,0.5
*,TestCamAnima16,5,3,0.3166667,0,0,0,0,8,8,0.5
*,TestCamAnima16,5,4,0.3333333,0,0,0,0,8,8,0.5
*,TestCamAnima16,5,5,0.35,0,0,0,0,8,8,0.5
*,TestCamAnima16,5,6,0.5,0,0,4.190082E-21,0,8,8,0.5
*,TestCamAnima16,6,0,0,1,4.190082E-21,0,0,8,8,0.5
*,TestCamAnima16,6,1,0.1666666,1,0,0,0,8,8,0.5
*,TestCamAnima16,6,2,0.2166667,1,0,0,0,8,8,0.5
*,TestCamAnima16,6,3,0.3166667,1,0,0,0,8,8,0.5
*,TestCamAnima16,6,4,0.3333333,1,0,0,0,8,8,0.5
*,TestCamAnima16,6,5,0.35,1,0,0,0,8,8,0.5
*,TestCamAnima16,6,6,0.5,1,0,2.281202E-39,0,8,8,0.5
*,TestCamAnima17,3,0,0,0,0,0,0,8,8,0.1666666
*,TestCamAnima17,3,1,0.1666666,0,0,0,0,8,8,0.1666666
*,TestCamAnima17,4,0,0,0,0,0,0,8,8,0.1666666
*,TestCamAnima17,4,1,0.1666666,0,0,0,0,8,8,0.1666666
*,TestCamAnima17,5,0,0,0,0,0,0,8,8,0.1666666
*,TestCamAnima17,5,1,0.1666666,0,0,0,0,8,8,0.1666666
*,TestCamAnima17,6,0,0,1,0,0,0,8,8,0.1666666
*,TestCamAnima17,6,1,0.1666666,1,0,0,0,8,8,0.1666666
*,TestCamAnima17,0,0,0,0,0,0,0,8,8,0.1666666
*,TestCamAnima17,0,1,0.08333331,0,0,0,0,8,8,0.1666666
*,TestCamAnima17,0,2,0.1666666,0,0,0,0,8,8,0.1666666
*,TestCamAnima17,1,0,0,0,0,0,0,8,8,0.1666666
*,TestCamAnima17,1,1,0.08333331,0,0,0,0,8,8,0.1666666
*,TestCamAnima17,1,2,0.1666666,0,0,0,0,8,8,0.1666666
*,TestCamAnima17,2,0,0,0,-1.2,-1.2,0,8,8,0.1666666
*,TestCamAnima17,2,1,0.08333331,-0.1934924,2.384186E-07,2.384186E-07,0,8,8,0.1666666
*,TestCamAnima17,2,2,0.1666666,0,1.2,1.2,0,8,8,0.1666666
*,TestCamAnima18,3,0,0,0,0,0,0,8,8,0.5833333
*,TestCamAnima18,3,1,0.1666666,0,0,0,0,8,8,0.5833333
*,TestCamAnima18,4,0,0,0,0,0,0,8,8,0.5833333
*,TestCamAnima18,4,1,0.1666666,0,0,0,0,8,8,0.5833333
*,TestCamAnima18,5,0,0,0,0,0,0,8,8,0.5833333
*,TestCamAnima18,5,1,0.1666666,0,0,0,0,8,8,0.5833333
*,TestCamAnima18,6,0,0,1,0,0,0,8,8,0.5833333
*,TestCamAnima18,6,1,0.1666666,1,0,0,0,8,8,0.5833333
*,TestCamAnima18,0,0,0,0,0,0,0,8,8,0.5833333
*,TestCamAnima18,0,1,0.08333331,0,0,0,0,8,8,0.5833333
*,TestCamAnima18,0,2,0.1666666,0,0,0,0,8,8,0.5833333
*,TestCamAnima18,0,3,0.4166667,0,0,0,0,8,8,0.5833333
*,TestCamAnima18,0,4,0.4666667,0,0,0,0,8,8,0.5833333
*,TestCamAnima18,0,5,0.5833333,0,0,0,0,8,8,0.5833333
*,TestCamAnima18,1,0,0,0,0,0,0,8,8,0.5833333
*,TestCamAnima18,1,1,0.08333331,0,0,0,0,8,8,0.5833333
*,TestCamAnima18,1,2,0.1666666,0,0,0,0,8,8,0.5833333
*,TestCamAnima18,1,3,0.4166667,0,0,0,0,8,8,0.5833333
*,TestCamAnima18,1,4,0.4666667,0,0,0,0,8,8,0.5833333
*,TestCamAnima18,1,5,0.5833333,0,0,0,0,8,8,0.5833333
*,TestCamAnima18,2,0,0,0,-1.2,-1.2,0,8,8,0.5833333
*,TestCamAnima18,2,1,0.08333331,-0.5,2.384186E-07,2.384186E-07,0,8,8,0.5833333
*,TestCamAnima18,2,2,0.1666666,0,Infinity,Infinity,0,8,8,0.5833333
*,TestCamAnima18,2,3,0.4166667,0,Infinity,Infinity,0,8,8,0.5833333
*,TestCamAnima18,2,4,0.4666667,-0.8,0,0,0,8,8,0.5833333
*,TestCamAnima18,2,5,0.5833333,0,0,0,0,8,8,0.5833333
*,TestCamAnima19,2,0,0,0,-1.2,-1.2,0,8,8,0.5833333
*,TestCamAnima19,2,1,0.08333334,-1,2.384186E-07,2.384186E-07,0,8,8,0.5833333
*,TestCamAnima19,2,2,0.1666666,0,12.00001,0,21,8,8,0.5833333
*,TestCamAnima19,2,3,0.25,0,0,-47.99996,21,8,8,0.5833333
*,TestCamAnima19,2,4,0.2666667,-0.8,0,0,0,8,8,0.5833333
*,TestCamAnima19,2,5,0.2833333,0,0,0,0,8,8,0.5833333
*,TestCamAnima19,2,6,0.3333333,0,0,0,0,8,8,0.5833333
*,TestCamAnima19,2,7,0.35,-0.5,0,0,0,8,8,0.5833333
*,TestCamAnima19,2,8,0.3833333,0,0,0,0,8,8,0.5833333
*,TestCamAnima19,2,9,0.4166667,0,0,0,0,8,8,0.5833333
*,TestCamAnima19,2,10,0.4333333,-0.2,0,0,0,8,8,0.5833333
*,TestCamAnima19,2,11,0.4833333,0,0,0,0,8,8,0.5833333
*,TestCamAnima19,1,0,0,0,0,0,0,8,8,0.5833333
*,TestCamAnima19,1,1,0.08333331,0,0,0,0,8,8,0.5833333
*,TestCamAnima19,1,2,0.1666666,0,0,0,0,8,8,0.5833333
*,TestCamAnima19,1,3,0.25,0,0,0,0,8,8,0.5833333
*,TestCamAnima19,1,4,0.3,0,0,0,0,8,8,0.5833333
*,TestCamAnima19,1,5,0.3333333,0,0,0,0,8,8,0.5833333
*,TestCamAnima19,1,6,0.4,0,0,0,0,8,8,0.5833333
*,TestCamAnima19,1,7,0.4333333,0,0,0,0,8,8,0.5833333
*,TestCamAnima19,1,8,0.4666667,0,0,0,0,8,8,0.5833333
*,TestCamAnima19,1,9,0.5166667,0,0,0,0,8,8,0.5833333
*,TestCamAnima19,1,10,0.55,0,0,0,0,8,8,0.5833333
*,TestCamAnima19,1,11,0.5833333,0,0,0,0,8,8,0.5833333
*,TestCamAnima19,0,0,0,0,0,0,0,8,8,0.5833333
*,TestCamAnima19,0,1,0.08333331,0,0,0,0,8,8,0.5833333
*,TestCamAnima19,0,2,0.1666666,0,0,0,0,8,8,0.5833333
*,TestCamAnima19,0,3,0.25,0,0,0,0,8,8,0.5833333
*,TestCamAnima19,0,4,0.2666667,0,0,0,0,8,8,0.5833333
*,TestCamAnima19,0,5,0.3,0,0,0,0,8,8,0.5833333
*,TestCamAnima19,0,6,0.3333333,0,0,0,0,8,8,0.5833333
*,TestCamAnima19,0,7,0.4,0,0,0,0,8,8,0.5833333
*,TestCamAnima19,0,8,0.4333333,0,0,0,0,8,8,0.5833333
*,TestCamAnima19,0,9,0.4666667,0,0,0,0,8,8,0.5833333
*,TestCamAnima19,0,10,0.5166667,0,0,0,0,8,8,0.5833333
*,TestCamAnima19,0,11,0.55,0,0,0,0,8,8,0.5833333
*,TestCamAnima19,0,12,0.5833333,0,0,0,0,8,8,0.5833333
*,TestCamAnima19,3,0,0,0,2.279526E-39,0,0,8,8,0.5833333
*,TestCamAnima19,3,1,0.1666666,0,0,0,0,8,8,0.5833333
*,TestCamAnima19,3,2,0.25,0,0,0,0,8,8,0.5833333
*,TestCamAnima19,3,3,0.2666667,0,0,0,0,8,8,0.5833333
*,TestCamAnima19,3,4,0.3,0,0,0,0,8,8,0.5833333
*,TestCamAnima19,3,5,0.3333333,0,0,0,0,8,8,0.5833333
*,TestCamAnima19,3,6,0.35,0,0,0,0,8,8,0.5833333
*,TestCamAnima19,3,7,0.4,0,0,0,0,8,8,0.5833333
*,TestCamAnima19,3,8,0.4333333,0,0,0,0,8,8,0.5833333
*,TestCamAnima19,3,9,0.4666667,0,0,0,0,8,8,0.5833333
*,TestCamAnima19,3,10,0.5166667,0,0,0,0,8,8,0.5833333
*,TestCamAnima19,3,11,0.55,0,0,0,0,8,8,0.5833333
*,TestCamAnima19,3,12,0.5833333,0,0,4.203895E-45,0,8,8,0.5833333
*,TestCamAnima19,4,0,0,0,6.170181E-39,0,0,8,8,0.5833333
*,TestCamAnima19,4,1,0.1666666,0,0,0,0,8,8,0.5833333
*,TestCamAnima19,4,2,0.25,0,0,0,0,8,8,0.5833333
*,TestCamAnima19,4,3,0.2666667,0,0,0,0,8,8,0.5833333
*,TestCamAnima19,4,4,0.3,0,0,0,0,8,8,0.5833333
*,TestCamAnima19,4,5,0.3333333,0,0,0,0,8,8,0.5833333
*,TestCamAnima19,4,6,0.35,0,0,0,0,8,8,0.5833333
*,TestCamAnima19,4,7,0.4,0,0,0,0,8,8,0.5833333
*,TestCamAnima19,4,8,0.4333333,0,0,0,0,8,8,0.5833333
*,TestCamAnima19,4,9,0.4666667,0,0,0,0,8,8,0.5833333
*,TestCamAnima19,4,10,0.5166667,0,0,0,0,8,8,0.5833333
*,TestCamAnima19,4,11,0.55,0,0,0,0,8,8,0.5833333
*,TestCamAnima19,4,12,0.5833333,0,0,2.246739E-33,0,8,8,0.5833333
*,TestCamAnima19,5,0,0,0,-3.576736E+33,0,0,8,8,0.5833333
*,TestCamAnima19,5,1,0.1666666,0,0,0,0,8,8,0.5833333
*,TestCamAnima19,5,2,0.25,0,0,-0.0003136791,0,8,8,0.5833333
*,TestCamAnima19,5,3,0.2666667,-0.001745328,-0.000321306,0.0001536682,0,8,8,0.5833333
*,TestCamAnima19,5,4,0.3,0,0.0001588013,0,0,8,8,0.5833333
*,TestCamAnima19,5,5,0.3333333,0,0,0.0003136808,0,8,8,0.5833333
*,TestCamAnima19,5,6,0.35,0.001745328,0.0003213066,-0.0001024455,0,8,8,0.5833333
*,TestCamAnima19,5,7,0.4,0,-0.0001038738,-0.0001571206,0,8,8,0.5833333
*,TestCamAnima19,5,8,0.4333333,-0.001745328,-0.0001606532,0.0001536682,0,8,8,0.5833333
*,TestCamAnima19,5,9,0.4666667,0,0.0001588013,0.0001046848,0,8,8,0.5833333
*,TestCamAnima19,5,10,0.5166667,0.001745328,0.0001071021,-0.0001536681,0,8,8,0.5833333
*,TestCamAnima19,5,11,0.55,0,-0.0001588039,0,0,8,8,0.5833333
*,TestCamAnima19,5,12,0.5833333,0,0,1.247362E-28,0,8,8,0.5833333
*,TestCamAnima19,6,0,0,1,1.247362E-28,0,0,8,8,0.5833333
*,TestCamAnima19,6,1,0.1666666,1,0,0,0,8,8,0.5833333
*,TestCamAnima19,6,2,0.25,1,0,0,0,8,8,0.5833333
*,TestCamAnima19,6,3,0.2666667,0.9999985,0,0,0,8,8,0.5833333
*,TestCamAnima19,6,4,0.3,1,0,0,0,8,8,0.5833333
*,TestCamAnima19,6,5,0.3333333,1,0,0,0,8,8,0.5833333
*,TestCamAnima19,6,6,0.35,0.9999985,0,0,0,8,8,0.5833333
*,TestCamAnima19,6,7,0.4,1,0,0,0,8,8,0.5833333
*,TestCamAnima19,6,8,0.4333333,0.9999985,0,0,0,8,8,0.5833333
*,TestCamAnima19,6,9,0.4666667,1,0,0,0,8,8,0.5833333
*,TestCamAnima19,6,10,0.5166667,0.9999985,0,0,0,8,8,0.5833333
*,TestCamAnima19,6,11,0.55,1,0,0,0,8,8,0.5833333
*,TestCamAnima19,6,12,0.5833333,1,0,2.280372E-39,0,8,8,0.5833333
*,TestCamAnima2,0,0,0,0,0,0,10,8,8,0.5833334
*,TestCamAnima2,0,1,0.08333331,0,0,0,10,8,8,0.5833334
*,TestCamAnima2,0,2,0.1666667,0,0,0,10,8,8,0.5833334
*,TestCamAnima2,0,3,0.25,0,0,0,10,8,8,0.5833334
*,TestCamAnima2,0,4,0.4166667,0,0,0,10,8,8,0.5833334
*,TestCamAnima2,0,5,0.5,0,0,0,10,8,8,0.5833334
*,TestCamAnima2,0,6,0.5833334,0,0,0,10,8,8,0.5833334
*,TestCamAnima2,1,0,0,0,0,0,10,8,8,0.5833334
*,TestCamAnima2,1,1,0.08333331,0,0,0,10,8,8,0.5833334
*,TestCamAnima2,1,2,0.1666667,0,0,0,10,8,8,0.5833334
*,TestCamAnima2,1,3,0.25,0,0,0,10,8,8,0.5833334
*,TestCamAnima2,1,4,0.4166667,0,0,0,10,8,8,0.5833334
*,TestCamAnima2,1,5,0.5,0,0,0,10,8,8,0.5833334
*,TestCamAnima2,1,6,0.5833334,0,0,0,10,8,8,0.5833334
*,TestCamAnima2,2,0,0,0,-2.4,-2.4,10,8,8,0.5833334
*,TestCamAnima2,2,1,0.08333334,-0.2,1.2,1.2,10,8,8,0.5833334
*,TestCamAnima2,2,2,0.1666667,0.2,-1.192093E-06,-1.192093E-06,10,8,8,0.5833334
*,TestCamAnima2,2,3,0.25,-0.2,-4.768372E-07,-4.768372E-07,10,8,8,0.5833334
*,TestCamAnima2,2,4,0.3333333,0.2,1.66893E-06,1.66893E-06,10,8,8,0.5833334
*,TestCamAnima2,2,5,0.4166667,-0.2,9.536743E-07,9.536743E-07,10,8,8,0.5833334
*,TestCamAnima2,2,6,0.5,0.2,1.200001,1.200001,10,8,8,0.5833334
*,TestCamAnima2,2,7,0.5833334,0,-2.399997,-2.399997,10,8,8,0.5833334
*,TestCamAnima2,3,0,0,0,0,0,0,8,8,0.5833334
*,TestCamAnima2,3,1,0.5833334,0,0,0,0,8,8,0.5833334
*,TestCamAnima2,4,0,0,0,0,0,0,8,8,0.5833334
*,TestCamAnima2,4,1,0.5833334,0,0,0,0,8,8,0.5833334
*,TestCamAnima2,5,0,0,0,0,0,0,8,8,0.5833334
*,TestCamAnima2,5,1,0.5833334,0,0,0,0,8,8,0.5833334
*,TestCamAnima2,6,0,0,1,0,0,0,8,8,0.5833334
*,TestCamAnima2,6,1,0.5833334,1,0,0,0,8,8,0.5833334
*,TestCamAnima20,3,0,0,0,0,0,0,8,8,0.3833333
*,TestCamAnima20,3,1,0.1666666,0,0,0,0,8,8,0.3833333
*,TestCamAnima20,4,0,0,0,0,0,0,8,8,0.3833333
*,TestCamAnima20,4,1,0.1666666,0,0,0,0,8,8,0.3833333
*,TestCamAnima20,5,0,0,0,0,0,0,8,8,0.3833333
*,TestCamAnima20,5,1,0.1666666,0,0,0,0,8,8,0.3833333
*,TestCamAnima20,6,0,0,1,0,0,0,8,8,0.3833333
*,TestCamAnima20,6,1,0.1666666,1,0,0,0,8,8,0.3833333
*,TestCamAnima20,0,0,0,0,0,0,0,8,8,0.3833333
*,TestCamAnima20,0,1,0.08333331,0,0,0,0,8,8,0.3833333
*,TestCamAnima20,0,2,0.1666666,0,0,0,0,8,8,0.3833333
*,TestCamAnima20,1,0,0,0,0,0,0,8,8,0.3833333
*,TestCamAnima20,1,1,0.08333331,0,0,0,0,8,8,0.3833333
*,TestCamAnima20,1,2,0.1666666,0,0,0,0,8,8,0.3833333
*,TestCamAnima20,2,0,0,0,-1.2,-1.2,0,8,8,0.3833333
*,TestCamAnima20,2,1,0.03333334,-0.1,2.384186E-07,2.384186E-07,0,8,8,0.3833333
*,TestCamAnima20,2,2,0.0666666,0,3.000007,0,21,8,8,0.3833333
*,TestCamAnima20,2,3,0.1166667,0,0,-12,21,8,8,0.3833333
*,TestCamAnima20,2,4,0.1333333,-0.2,0,0,0,8,8,0.3833333
*,TestCamAnima20,2,5,0.15,0,0,0,0,8,8,0.3833333
*,TestCamAnima20,2,6,0.2,0,0,0,0,8,8,0.3833333
*,TestCamAnima20,2,7,0.2166667,-0.3,0,0,0,8,8,0.3833333
*,TestCamAnima20,2,8,0.2333333,0,0,0,0,8,8,0.3833333
*,TestCamAnima20,2,9,0.2666667,0,0,0,0,8,8,0.3833333
*,TestCamAnima20,2,10,0.2833333,-0.4,0,0,0,8,8,0.3833333
*,TestCamAnima20,2,11,0.3,0,0,0,0,8,8,0.3833333
*,TestCamAnima20,2,12,0.35,0,0,0,0,8,8,0.3833333
*,TestCamAnima20,2,13,0.3666667,-0.5,0,0,0,8,8,0.3833333
*,TestCamAnima20,2,14,0.3833333,0,0,0,0,8,8,0.3833333
*,TestCamAnima21,2,0,0,0,-1.2,-1.2,0,8,8,0.25
*,TestCamAnima21,2,1,0.05,-0.3,2.384186E-07,2.384186E-07,0,8,8,0.25
*,TestCamAnima21,2,2,0.08333331,-0.07883003,5.159801,5.159801,0,8,8,0.25
*,TestCamAnima21,2,3,0.09999993,0,3.869852,0,0,8,8,0.25
*,TestCamAnima21,2,4,0.1499999,0,0,0,0,8,8,0.25
*,TestCamAnima21,2,5,0.1833334,0,0,-7.999998,0,8,8,0.25
*,TestCamAnima21,2,6,0.2166667,-0.5,0,0,0,8,8,0.25
*,TestCamAnima21,2,7,0.25,0,0,0,0,8,8,0.25
*,TestCamAnima21,1,0,0,0,0,0,0,8,8,0.25
*,TestCamAnima21,1,1,0.04999997,0,0,0,0,8,8,0.25
*,TestCamAnima21,1,2,0.08333331,0,0,0,0,8,8,0.25
*,TestCamAnima21,1,3,0.09999993,0,0,0,0,8,8,0.25
*,TestCamAnima21,1,4,0.1499999,0,0,0,0,8,8,0.25
*,TestCamAnima21,1,5,0.1833334,0,0,0,0,8,8,0.25
*,TestCamAnima21,1,6,0.2166667,0,0,0,0,8,8,0.25
*,TestCamAnima21,1,7,0.25,0,0,0,0,8,8,0.25
*,TestCamAnima21,0,0,0,0,0,0,0,8,8,0.25
*,TestCamAnima21,0,1,0.04999997,0,0,0,0,8,8,0.25
*,TestCamAnima21,0,2,0.08333331,0,0,0,0,8,8,0.25
*,TestCamAnima21,0,3,0.09999993,0,0,0,0,8,8,0.25
*,TestCamAnima21,0,4,0.1499999,0,0,0,0,8,8,0.25
*,TestCamAnima21,0,5,0.1833334,0,0,0,0,8,8,0.25
*,TestCamAnima21,0,6,0.2166667,0,0,0,0,8,8,0.25
*,TestCamAnima21,0,7,0.25,0,0,0,0,8,8,0.25
*,TestCamAnima21,3,0,0,0,2.280355E-39,0,0,8,8,0.25
*,TestCamAnima21,3,1,0.1499999,0,0,4.203895E-45,0,8,8,0.25
*,TestCamAnima21,4,0,0,0,6.170181E-39,0,0,8,8,0.25
*,TestCamAnima21,4,1,0.1499999,0,0,1.135878E-28,0,8,8,0.25
*,TestCamAnima21,5,0,0,0,-6.908737E-18,0,0,8,8,0.25
*,TestCamAnima21,5,1,0.1499999,0,0,3.19627E-21,0,8,8,0.25
*,TestCamAnima21,6,0,0,1,3.19627E-21,0,0,8,8,0.25
*,TestCamAnima21,6,1,0.1499999,1,0,2.281202E-39,0,8,8,0.25
*,TestCamAnima23,3,0,0,0,2.280355E-39,0,0,8,8,0.5
*,TestCamAnima23,3,1,0.1666666,0,0,0,0,8,8,0.5
*,TestCamAnima23,3,2,0.2166667,0,0,0,0,8,8,0.5
*,TestCamAnima23,3,3,0.3166667,0,0,0,0,8,8,0.5
*,TestCamAnima23,3,4,0.3333333,0,0,0,0,8,8,0.5
*,TestCamAnima23,3,5,0.35,0,0,0,0,8,8,0.5
*,TestCamAnima23,3,6,0.5,0,0,4.203895E-45,0,8,8,0.5
*,TestCamAnima23,4,0,0,0,6.170181E-39,0,0,8,8,0.5
*,TestCamAnima23,4,1,0.1666666,0,0,0,0,8,8,0.5
*,TestCamAnima23,4,2,0.2166667,0,0,0,0,8,8,0.5
*,TestCamAnima23,4,3,0.3166667,0,0,0,0,8,8,0.5
*,TestCamAnima23,4,4,0.3333333,0,0,0,0,8,8,0.5
*,TestCamAnima23,4,5,0.35,0,0,0,0,8,8,0.5
*,TestCamAnima23,4,6,0.5,0,0,1.158496E-28,0,8,8,0.5
*,TestCamAnima23,5,0,0,0,1.206801E+35,0,0,8,8,0.5
*,TestCamAnima23,5,1,0.1666666,0,0,0,0,8,8,0.5
*,TestCamAnima23,5,2,0.2166667,0,0,0,0,8,8,0.5
*,TestCamAnima23,5,3,0.3166667,0,0,0,0,8,8,0.5
*,TestCamAnima23,5,4,0.3333333,0,0,0,0,8,8,0.5
*,TestCamAnima23,5,5,0.35,0,0,0,0,8,8,0.5
*,TestCamAnima23,5,6,0.5,0,0,4.190082E-21,0,8,8,0.5
*,TestCamAnima23,6,0,0,1,4.190082E-21,0,0,8,8,0.5
*,TestCamAnima23,6,1,0.1666666,1,0,0,0,8,8,0.5
*,TestCamAnima23,6,2,0.2166667,1,0,0,0,8,8,0.5
*,TestCamAnima23,6,3,0.3166667,1,0,0,0,8,8,0.5
*,TestCamAnima23,6,4,0.3333333,1,0,0,0,8,8,0.5
*,TestCamAnima23,6,5,0.35,1,0,0,0,8,8,0.5
*,TestCamAnima23,6,6,0.5,1,0,2.281202E-39,0,8,8,0.5
*,TestCamAnima23,0,0,0,0,0,0,0,8,8,0.5
*,TestCamAnima23,0,1,0.04999998,0,0,0,0,8,8,0.5
*,TestCamAnima23,0,2,0.09999993,0,0,0,0,8,8,0.5
*,TestCamAnima23,0,3,0.15,0,0,0,0,8,8,0.5
*,TestCamAnima23,0,4,0.1666666,-0.2,0,0,0,8,8,0.5
*,TestCamAnima23,0,5,0.2,0,0,0,0,8,8,0.5
*,TestCamAnima23,0,6,0.25,0,0,0,0,8,8,0.5
*,TestCamAnima23,0,7,0.2666667,-0.2,0,0,0,8,8,0.5
*,TestCamAnima23,0,8,0.2833332,0,0,0,0,8,8,0.5
*,TestCamAnima23,0,9,0.5,0,0,0,0,8,8,0.5
*,TestCamAnima23,1,0,0,0,0,0,0,8,8,0.5
*,TestCamAnima23,1,1,0.08333331,0,0,0,0,8,8,0.5
*,TestCamAnima23,1,2,0.1666666,0,0,0,0,8,8,0.5
*,TestCamAnima23,1,3,0.2166667,0,0,0,0,8,8,0.5
*,TestCamAnima23,1,4,0.2333333,0,0,0,0,8,8,0.5
*,TestCamAnima23,1,5,0.25,0,0,0,0,8,8,0.5
*,TestCamAnima23,1,6,0.3166667,0,0,0,0,8,8,0.5
*,TestCamAnima23,1,7,0.3333333,0,0,0,0,8,8,0.5
*,TestCamAnima23,1,8,0.3499999,0,0,0,0,8,8,0.5
*,TestCamAnima23,1,9,0.5,0,0,0,0,8,8,0.5
*,TestCamAnima23,2,0,0,0,-1.2,-1.2,0,8,8,0.5
*,TestCamAnima23,2,1,0.03333331,-0.4,2.384186E-07,2.384186E-07,0,8,8,0.5
*,TestCamAnima23,2,2,0.08333326,0,4.800004,0,0,8,8,0.5
*,TestCamAnima23,2,3,0.15,0,0,-11.99999,0,8,8,0.5
*,TestCamAnima23,2,4,0.1833333,-0.2,0,0,0,8,8,0.5
*,TestCamAnima23,2,5,0.2166667,0,0,0,0,8,8,0.5
*,TestCamAnima23,2,6,0.2666667,0,0,0,0,8,8,0.5
*,TestCamAnima23,2,7,0.3,-0.5,0,0,0,8,8,0.5
*,TestCamAnima23,2,8,0.3333332,0,0,0,0,8,8,0.5
*,TestCamAnima23,2,9,0.5,0,0,0,0,8,8,0.5
*,TestCamAnima24,2,0,0,0,-1.2,-1.2,0,8,8,0.3
*,TestCamAnima24,2,1,0.06666665,-0.5,2.384186E-07,2.384186E-07,0,8,8,0.3
*,TestCamAnima24,2,2,0.1333333,0,Infinity,Infinity,0,8,8,0.3
*,TestCamAnima24,2,3,0.2,0,Infinity,Infinity,0,8,8,0.3
*,TestCamAnima24,2,4,0.2333334,-0.8,0,0,0,8,8,0.3
*,TestCamAnima24,2,5,0.3,0,0,0,0,8,8,0.3
*,TestCamAnima24,1,0,0,0,0,0,0,8,8,0.3
*,TestCamAnima24,1,1,0.06666665,0,0,0,0,8,8,0.3
*,TestCamAnima24,1,2,0.1333333,0,0,0,0,8,8,0.3
*,TestCamAnima24,1,3,0.2,0,0,0,0,8,8,0.3
*,TestCamAnima24,1,4,0.2333334,0,0,0,0,8,8,0.3
*,TestCamAnima24,1,5,0.3,0,0,0,0,8,8,0.3
*,TestCamAnima24,0,0,0,0,0,0,0,8,8,0.3
*,TestCamAnima24,0,1,0.06666665,0,0,0,0,8,8,0.3
*,TestCamAnima24,0,2,0.1333333,0,0,0,0,8,8,0.3
*,TestCamAnima24,0,3,0.2,0,0,0,0,8,8,0.3
*,TestCamAnima24,0,4,0.2333334,0,0,0,0,8,8,0.3
*,TestCamAnima24,0,5,0.3,0,0,0,0,8,8,0.3
*,TestCamAnima24,3,0,0,0,2.280355E-39,0,0,8,8,0.3
*,TestCamAnima24,3,1,0.1333333,0,0,4.203895E-45,0,8,8,0.3
*,TestCamAnima24,4,0,0,0,6.170181E-39,0,0,8,8,0.3
*,TestCamAnima24,4,1,0.1333333,0,0,6.506162E-29,0,8,8,0.3
*,TestCamAnima24,5,0,0,0,-6.908737E-18,0,0,8,8,0.3
*,TestCamAnima24,5,1,0.1333333,0,0,2.390799E-21,0,8,8,0.3
*,TestCamAnima24,6,0,0,1,2.390799E-21,0,0,8,8,0.3
*,TestCamAnima24,6,1,0.1333333,1,0,2.281202E-39,0,8,8,0.3
*,TestCamAnima25,3,0,0,0,0,0,0,8,8,0.3833333
*,TestCamAnima25,3,1,0.1666666,0,0,0,0,8,8,0.3833333
*,TestCamAnima25,4,0,0,0,0,0,0,8,8,0.3833333
*,TestCamAnima25,4,1,0.1666666,0,0,0,0,8,8,0.3833333
*,TestCamAnima25,5,0,0,0,0,0,0,8,8,0.3833333
*,TestCamAnima25,5,1,0.1666666,0,0,0,0,8,8,0.3833333
*,TestCamAnima25,6,0,0,1,0,0,0,8,8,0.3833333
*,TestCamAnima25,6,1,0.1666666,1,0,0,0,8,8,0.3833333
*,TestCamAnima25,0,0,0,0,0,0,0,8,8,0.3833333
*,TestCamAnima25,0,1,0.03333334,0,0,0,0,8,8,0.3833333
*,TestCamAnima25,0,2,0.0666666,0,0,0,0,8,8,0.3833333
*,TestCamAnima25,0,3,0.08333331,0,0,0,0,8,8,0.3833333
*,TestCamAnima25,0,4,0.1166667,0,0,0,0,8,8,0.3833333
*,TestCamAnima25,0,5,0.1333333,0,0,0,0,8,8,0.3833333
*,TestCamAnima25,0,6,0.15,0,0,0,0,8,8,0.3833333
*,TestCamAnima25,0,7,0.1666666,0,0,0,0,8,8,0.3833333
*,TestCamAnima25,0,8,0.2,0,0,0,0,8,8,0.3833333
*,TestCamAnima25,0,9,0.2166667,0,0,0,0,8,8,0.3833333
*,TestCamAnima25,0,10,0.2333333,0,0,0,0,8,8,0.3833333
*,TestCamAnima25,0,11,0.2666667,0,0,0,0,8,8,0.3833333
*,TestCamAnima25,0,12,0.2833333,0,0,0,0,8,8,0.3833333
*,TestCamAnima25,0,13,0.3,0,0,0,0,8,8,0.3833333
*,TestCamAnima25,0,14,0.35,0,0,0,0,8,8,0.3833333
*,TestCamAnima25,0,15,0.3666667,0,0,0,0,8,8,0.3833333
*,TestCamAnima25,0,16,0.3833333,0,0,0,0,8,8,0.3833333
*,TestCamAnima25,1,0,0,0,0,0,0,8,8,0.3833333
*,TestCamAnima25,1,1,0.03333334,0,0,0,0,8,8,0.3833333
*,TestCamAnima25,1,2,0.0666666,0,0,0,0,8,8,0.3833333
*,TestCamAnima25,1,3,0.08333331,0,0,0,0,8,8,0.3833333
*,TestCamAnima25,1,4,0.1166667,0,0,0,0,8,8,0.3833333
*,TestCamAnima25,1,5,0.1333333,0,0,0,0,8,8,0.3833333
*,TestCamAnima25,1,6,0.15,0,0,0,0,8,8,0.3833333
*,TestCamAnima25,1,7,0.1666666,0,0,0,0,8,8,0.3833333
*,TestCamAnima25,1,8,0.2,0,0,0,0,8,8,0.3833333
*,TestCamAnima25,1,9,0.2166667,0,0,0,0,8,8,0.3833333
*,TestCamAnima25,1,10,0.2333333,0,0,0,0,8,8,0.3833333
*,TestCamAnima25,1,11,0.2666667,0,0,0,0,8,8,0.3833333
*,TestCamAnima25,1,12,0.2833333,0,0,0,0,8,8,0.3833333
*,TestCamAnima25,1,13,0.3,0,0,0,0,8,8,0.3833333
*,TestCamAnima25,1,14,0.35,0,0,0,0,8,8,0.3833333
*,TestCamAnima25,1,15,0.3666667,0,0,0,0,8,8,0.3833333
*,TestCamAnima25,1,16,0.3833333,0,0,0,0,8,8,0.3833333
*,TestCamAnima25,2,0,0,0,-1.2,-1.2,0,8,8,0.3833333
*,TestCamAnima25,2,1,0.03333334,-1,2.384186E-07,2.384186E-07,0,8,8,0.3833333
*,TestCamAnima25,2,2,0.0666666,0,3.000007,0,0,8,8,0.3833333
*,TestCamAnima25,2,3,0.08333331,0,0,0,0,8,8,0.3833333
*,TestCamAnima25,2,4,0.1166667,0,0,-12,0,8,8,0.3833333
*,TestCamAnima25,2,5,0.1333333,-0.6,0,0,0,8,8,0.3833333
*,TestCamAnima25,2,6,0.15,0,0,0,0,8,8,0.3833333
*,TestCamAnima25,2,7,0.1666666,0,0,0,0,8,8,0.3833333
*,TestCamAnima26,2,0,0,0,-1.2,-1.2,0,8,8,1.666667
*,TestCamAnima26,2,1,0.05,-0.5,2.384186E-07,2.384186E-07,0,8,8,1.666667
*,TestCamAnima26,2,2,0.08333326,0,15.00003,0,21,8,8,1.666667
*,TestCamAnima26,2,3,0.1333333,0,0,-6,21,8,8,1.666667
*,TestCamAnima26,2,4,0.1666667,-0.2,0,0,0,8,8,1.666667
*,TestCamAnima26,2,5,0.2,0,0,0,0,8,8,1.666667
*,TestCamAnima26,2,6,0.25,0,0,0,0,8,8,1.666667
*,TestCamAnima26,2,7,0.2833333,-0.5,0,0,0,8,8,1.666667
*,TestCamAnima26,2,8,0.3166667,0,0,0,0,8,8,1.666667
*,TestCamAnima26,2,9,0.35,0,0,0,0,8,8,1.666667
*,TestCamAnima26,2,10,0.3666667,-0.3,0,0,0,8,8,1.666667
*,TestCamAnima26,2,11,0.4,0,0,0,0,8,8,1.666667
*,TestCamAnima26,2,12,0.4333333,0,0,0,0,8,8,1.666667
*,TestCamAnima26,2,13,0.45,-0.5,0,0,0,8,8,1.666667
*,TestCamAnima26,2,14,0.4666667,0,0,0,0,8,8,1.666667
*,TestCamAnima26,2,15,0.5,0,0,0,0,8,8,1.666667
*,TestCamAnima26,2,16,0.5166667,0,0,0,0,8,8,1.666667
*,TestCamAnima26,2,17,0.55,-0.2,0,0,0,8,8,1.666667
*,TestCamAnima26,2,18,0.5833333,0,0,0,0,8,8,1.666667
*,TestCamAnima26,2,19,0.6166667,0,0,0,0,8,8,1.666667
*,TestCamAnima26,2,20,0.6333333,-0.5,0,0,0,8,8,1.666667
*,TestCamAnima26,2,21,0.6666667,0,0,0,0,8,8,1.666667
*,TestCamAnima26,2,22,0.7,0,0,0,0,8,8,1.666667
*,TestCamAnima26,2,23,0.7166666,-0.3,0,0,0,8,8,1.666667
*,TestCamAnima26,2,24,0.75,0,0,0,0,8,8,1.666667
*,TestCamAnima26,2,25,0.7833334,0,0,0,0,8,8,1.666667
*,TestCamAnima26,2,26,0.8166667,-0.5,0,0,0,8,8,1.666667
*,TestCamAnima26,2,27,0.8333333,0,0,0,0,8,8,1.666667
*,TestCamAnima26,2,28,0.8833333,0,0,0,0,8,8,1.666667
*,TestCamAnima26,2,29,0.9166667,-0.2,0,0,0,8,8,1.666667
*,TestCamAnima26,2,30,0.95,0,0,0,0,8,8,1.666667
*,TestCamAnima26,2,31,0.9833333,0,0,0,0,8,8,1.666667
*,TestCamAnima26,2,32,1.016667,-0.5,0,0,0,8,8,1.666667
*,TestCamAnima26,2,33,1.05,0,0,0,0,8,8,1.666667
*,TestCamAnima26,2,34,1.083333,0,0,0,0,8,8,1.666667
*,TestCamAnima26,2,35,1.116667,-0.3,0,0,0,8,8,1.666667
*,TestCamAnima26,2,36,1.15,0,0,0,0,8,8,1.666667
*,TestCamAnima26,2,37,1.183333,0,0,0,0,8,8,1.666667
*,TestCamAnima26,2,38,1.216667,-0.5,0,0,0,8,8,1.666667
*,TestCamAnima26,2,39,1.233333,0,0,0,0,8,8,1.666667
*,TestCamAnima26,2,40,1.266667,0,0,0,0,8,8,1.666667
*,TestCamAnima26,2,41,1.3,-0.2,0,0,0,8,8,1.666667
*,TestCamAnima26,2,42,1.316667,0,0,0,0,8,8,1.666667
*,TestCamAnima26,2,43,1.366667,0,0,0,0,8,8,1.666667
*,TestCamAnima26,2,44,1.4,-0.5,0,0,0,8,8,1.666667
*,TestCamAnima26,2,45,1.433333,0,0,0,0,8,8,1.666667
*,TestCamAnima26,2,46,1.483333,0,0,0,0,8,8,1.666667
*,TestCamAnima26,2,47,1.516667,-0.3,0,0,0,8,8,1.666667
*,TestCamAnima26,2,48,1.55,0,0,0,0,8,8,1.666667
*,TestCamAnima26,2,49,1.583333,0,0,0,0,8,8,1.666667
*,TestCamAnima26,2,50,1.616667,-0.5,0,0,0,8,8,1.666667
*,TestCamAnima26,2,51,1.666667,0,0,0,0,8,8,1.666667
*,TestCamAnima26,1,0,0,0,0,0,0,8,8,1.666667
*,TestCamAnima26,1,1,0.08333331,0,0,0,0,8,8,1.666667
*,TestCamAnima26,1,2,0.1666666,0,0,0,0,8,8,1.666667
*,TestCamAnima26,1,3,0.8833333,0,0,0,0,8,8,1.666667
*,TestCamAnima26,1,4,0.9166667,0,0,0,0,8,8,1.666667
*,TestCamAnima26,1,5,0.95,0,0,0,0,8,8,1.666667
*,TestCamAnima26,0,0,0,0,0,0,0,8,8,1.666667
*,TestCamAnima26,0,1,0.08333331,0,0,0,0,8,8,1.666667
*,TestCamAnima26,0,2,0.1666666,0,0,0,0,8,8,1.666667
*,TestCamAnima26,0,3,0.8833333,0,0,0,0,8,8,1.666667
*,TestCamAnima26,0,4,0.9166667,0,0,0,0,8,8,1.666667
*,TestCamAnima26,0,5,0.95,0,0,0,0,8,8,1.666667
*,TestCamAnima26,3,0,0,0,2.280198E-39,0,0,8,8,1.666667
*,TestCamAnima26,3,1,0.1666666,0,0,0,0,8,8,1.666667
*,TestCamAnima26,3,2,0.8833333,0,0,0,0,8,8,1.666667
*,TestCamAnima26,3,3,0.9166667,0,0,0,0,8,8,1.666667
*,TestCamAnima26,3,4,0.95,0,0,4.203895E-45,0,8,8,1.666667
*,TestCamAnima26,4,0,0,0,6.170181E-39,0,0,8,8,1.666667
*,TestCamAnima26,4,1,0.1666666,0,0,0,0,8,8,1.666667
*,TestCamAnima26,4,2,0.8833333,0,0,0,0,8,8,1.666667
*,TestCamAnima26,4,3,0.9166667,0,0,0,0,8,8,1.666667
*,TestCamAnima26,4,4,0.95,0,0,1.966554E-28,0,8,8,1.666667
*,TestCamAnima26,5,0,0,0,-6.908809E-18,0,0,8,8,1.666667
*,TestCamAnima26,5,1,0.1666666,0,0,0,0,8,8,1.666667
*,TestCamAnima26,5,2,0.8833333,0,0,0,0,8,8,1.666667
*,TestCamAnima26,5,3,0.9166667,0,0,0,0,8,8,1.666667
*,TestCamAnima26,5,4,0.95,0,0,3.417266E-21,0,8,8,1.666667
*,TestCamAnima26,6,0,0,1,3.417266E-21,0,0,8,8,1.666667
*,TestCamAnima26,6,1,0.1666666,1,0,0,0,8,8,1.666667
*,TestCamAnima26,6,2,0.8833333,1,0,0,0,8,8,1.666667
*,TestCamAnima26,6,3,0.9166667,1,0,0,0,8,8,1.666667
*,TestCamAnima26,6,4,0.95,1,0,2.281045E-39,0,8,8,1.666667
*,TestCamAnima27,3,0,0,0,2.279526E-39,0,0,8,8,1
*,TestCamAnima27,3,1,0.1666666,0,0,0,0,8,8,1
*,TestCamAnima27,3,2,0.25,0,0,0,0,8,8,1
*,TestCamAnima27,3,3,0.2666667,0,0,0,0,8,8,1
*,TestCamAnima27,3,4,0.3,0,0,0,0,8,8,1
*,TestCamAnima27,3,5,0.3333333,0,0,0,0,8,8,1
*,TestCamAnima27,3,6,0.35,0,0,0,0,8,8,1
*,TestCamAnima27,3,7,0.4,0,0,0,0,8,8,1
*,TestCamAnima27,3,8,0.4333333,0,0,0,0,8,8,1
*,TestCamAnima27,3,9,0.4666667,0,0,0,0,8,8,1
*,TestCamAnima27,3,10,0.5166667,0,0,0,0,8,8,1
*,TestCamAnima27,3,11,0.55,0,0,0,0,8,8,1
*,TestCamAnima27,3,12,0.5833333,0,0,4.203895E-45,0,8,8,1
*,TestCamAnima27,4,0,0,0,6.170181E-39,0,0,8,8,1
*,TestCamAnima27,4,1,0.1666666,0,0,0,0,8,8,1
*,TestCamAnima27,4,2,0.25,0,0,0,0,8,8,1
*,TestCamAnima27,4,3,0.2666667,0,0,0,0,8,8,1
*,TestCamAnima27,4,4,0.3,0,0,0,0,8,8,1
*,TestCamAnima27,4,5,0.3333333,0,0,0,0,8,8,1
*,TestCamAnima27,4,6,0.35,0,0,0,0,8,8,1
*,TestCamAnima27,4,7,0.4,0,0,0,0,8,8,1
*,TestCamAnima27,4,8,0.4333333,0,0,0,0,8,8,1
*,TestCamAnima27,4,9,0.4666667,0,0,0,0,8,8,1
*,TestCamAnima27,4,10,0.5166667,0,0,0,0,8,8,1
*,TestCamAnima27,4,11,0.55,0,0,0,0,8,8,1
*,TestCamAnima27,4,12,0.5833333,0,0,2.246739E-33,0,8,8,1
*,TestCamAnima27,5,0,0,0,-3.576736E+33,0,0,8,8,1
*,TestCamAnima27,5,1,0.1666666,0,0,0,0,8,8,1
*,TestCamAnima27,5,2,0.25,0,0,-0.0003136791,0,8,8,1
*,TestCamAnima27,5,3,0.2666667,-0.001745328,-0.000321306,0.0001536682,0,8,8,1
*,TestCamAnima27,5,4,0.3,0,0.0001588013,0,0,8,8,1
*,TestCamAnima27,5,5,0.3333333,0,0,0.0003136808,0,8,8,1
*,TestCamAnima27,5,6,0.35,0.001745328,0.0003213066,-0.0001024455,0,8,8,1
*,TestCamAnima27,5,7,0.4,0,-0.0001038738,-0.0001571206,0,8,8,1
*,TestCamAnima27,5,8,0.4333333,-0.001745328,-0.0001606532,0.0001536682,0,8,8,1
*,TestCamAnima27,5,9,0.4666667,0,0.0001588013,0.0001046848,0,8,8,1
*,TestCamAnima27,5,10,0.5166667,0.001745328,0.0001071021,-0.0001536681,0,8,8,1
*,TestCamAnima27,5,11,0.55,0,-0.0001588039,0,0,8,8,1
*,TestCamAnima27,5,12,0.5833333,0,0,1.247362E-28,0,8,8,1
*,TestCamAnima27,6,0,0,1,1.247362E-28,0,0,8,8,1
*,TestCamAnima27,6,1,0.1666666,1,0,0,0,8,8,1
*,TestCamAnima27,6,2,0.25,1,0,0,0,8,8,1
*,TestCamAnima27,6,3,0.2666667,0.9999985,0,0,0,8,8,1
*,TestCamAnima27,6,4,0.3,1,0,0,0,8,8,1
*,TestCamAnima27,6,5,0.3333333,1,0,0,0,8,8,1
*,TestCamAnima27,6,6,0.35,0.9999985,0,0,0,8,8,1
*,TestCamAnima27,6,7,0.4,1,0,0,0,8,8,1
*,TestCamAnima27,6,8,0.4333333,0.9999985,0,0,0,8,8,1
*,TestCamAnima27,6,9,0.4666667,1,0,0,0,8,8,1
*,TestCamAnima27,6,10,0.5166667,0.9999985,0,0,0,8,8,1
*,TestCamAnima27,6,11,0.55,1,0,0,0,8,8,1
*,TestCamAnima27,6,12,0.5833333,1,0,2.280372E-39,0,8,8,1
*,TestCamAnima27,0,0,0,0,0,0,0,8,8,1
*,TestCamAnima27,0,1,0.08333331,0,0,0,0,8,8,1
*,TestCamAnima27,0,2,0.1666666,0,0,0,0,8,8,1
*,TestCamAnima27,0,3,0.25,0,0,0,0,8,8,1
*,TestCamAnima27,0,4,0.2666667,0,0,0,0,8,8,1
*,TestCamAnima27,0,5,0.2833333,0,0,0,0,8,8,1
*,TestCamAnima27,0,6,0.3,0,0,0,0,8,8,1
*,TestCamAnima27,0,7,0.3333333,0,0,0,0,8,8,1
*,TestCamAnima27,0,8,0.35,0,0,0,0,8,8,1
*,TestCamAnima27,0,9,0.3833333,0,0,0,0,8,8,1
*,TestCamAnima27,0,10,0.4,0,0,0,0,8,8,1
*,TestCamAnima27,0,11,0.4166667,0,0,0,0,8,8,1
*,TestCamAnima27,0,12,0.4333333,0,0,0,0,8,8,1
*,TestCamAnima27,0,13,0.4666667,0,0,0,0,8,8,1
*,TestCamAnima27,0,14,0.4833333,0,0,0,0,8,8,1
*,TestCamAnima27,0,15,0.5166667,0,0,0,0,8,8,1
*,TestCamAnima27,0,16,0.55,0,0,0,0,8,8,1
*,TestCamAnima27,0,17,0.5833333,0,0,0,0,8,8,1
*,TestCamAnima27,1,0,0,0,0,0,0,8,8,1
*,TestCamAnima27,1,1,0.08333331,0,0,0,0,8,8,1
*,TestCamAnima27,1,2,0.1666666,0,0,0,0,8,8,1
*,TestCamAnima27,1,3,0.25,0,0,0,0,8,8,1
*,TestCamAnima27,1,4,0.2666667,0,0,0,0,8,8,1
*,TestCamAnima27,1,5,0.2833333,0,0,0,0,8,8,1
*,TestCamAnima27,1,6,0.3,0,0,0,0,8,8,1
*,TestCamAnima27,1,7,0.3333333,0,0,0,0,8,8,1
*,TestCamAnima27,1,8,0.35,0,0,0,0,8,8,1
*,TestCamAnima27,1,9,0.3833333,0,0,0,0,8,8,1
*,TestCamAnima27,1,10,0.4,0,0,0,0,8,8,1
*,TestCamAnima27,1,11,0.4166667,0,0,0,0,8,8,1
*,TestCamAnima27,1,12,0.4333333,0,0,0,0,8,8,1
*,TestCamAnima27,1,13,0.4666667,0,0,0,0,8,8,1
*,TestCamAnima27,1,14,0.4833333,0,0,0,0,8,8,1
*,TestCamAnima27,1,15,0.5166667,0,0,0,0,8,8,1
*,TestCamAnima27,1,16,0.55,0,0,0,0,8,8,1
*,TestCamAnima27,1,17,0.5833333,0,0,0,0,8,8,1
*,TestCamAnima27,2,0,0,0,-1.2,-1.2,0,8,8,1
*,TestCamAnima27,2,1,0.06666665,-1,2.384186E-07,2.384186E-07,0,8,8,1
*,TestCamAnima27,2,2,0.1166666,0,12.00001,0,0,8,8,1
*,TestCamAnima27,2,3,0.1833333,0,0,-47.99996,0,8,8,1
*,TestCamAnima27,2,4,0.2,-0.8,0,0,0,8,8,1
*,TestCamAnima27,2,5,0.2166666,0,0,0,0,8,8,1
*,TestCamAnima27,2,6,0.25,0,0,0,0,8,8,1
*,TestCamAnima27,2,7,0.2666667,0,0,0,0,8,8,1
*,TestCamAnima27,2,8,0.2833333,-1,0,0,0,8,8,1
*,TestCamAnima27,2,9,0.3,0,0,0,0,8,8,1
*,TestCamAnima27,2,10,0.3333333,0,0,0,0,8,8,1
*,TestCamAnima27,2,11,0.35,0,0,0,0,8,8,1
*,TestCamAnima27,2,12,0.3666667,-0.8,0,0,0,8,8,1
*,TestCamAnima27,2,13,0.3833334,-0.05185148,5.333325,5.333325,0,8,8,1
*,TestCamAnima27,2,14,0.4166666,0,0,0,0,8,8,1
*,TestCamAnima27,2,15,0.4333333,-1,0,0,0,8,8,1
*,TestCamAnima27,2,16,0.45,0,0,0,0,8,8,1
*,TestCamAnima27,2,17,0.4666666,0,0,0,0,8,8,1
*,TestCamAnima27,2,18,0.5,-0.5,0,0,0,8,8,1
*,TestCamAnima27,2,19,0.5333334,0,0,0,0,8,8,1
*,TestCamAnima27,2,20,0.55,0,0,0,0,8,8,1
*,TestCamAnima27,2,21,0.5833333,-1,0,0,0,8,8,1
*,TestCamAnima27,2,22,0.6166667,0,0,0,0,8,8,1
*,TestCamAnima27,2,23,0.6333333,0,0,0,0,8,8,1
*,TestCamAnima27,2,24,0.65,-0.5,0,0,0,8,8,1
*,TestCamAnima27,2,25,0.6666666,0,0,0,0,8,8,1
*,TestCamAnima27,2,26,0.7,0,0,0,0,8,8,1
*,TestCamAnima27,2,27,0.7166666,-1,0,0,0,8,8,1
*,TestCamAnima27,2,28,0.75,0,0,0,0,8,8,1
*,TestCamAnima27,2,29,0.7833333,0,0,0,0,8,8,1
*,TestCamAnima27,2,30,0.8,-1,0,0,0,8,8,1
*,TestCamAnima27,2,31,0.8333333,0,0,0,0,8,8,1
*,TestCamAnima27,2,32,0.85,0,0,0,0,8,8,1
*,TestCamAnima27,2,33,0.8666667,0,0,0,0,8,8,1
*,TestCamAnima27,2,34,0.8833333,-0.5,0,0,0,8,8,1
*,TestCamAnima27,2,35,0.9166667,0,0,0,0,8,8,1
*,TestCamAnima27,2,36,0.95,-1,0,0,0,8,8,1
*,TestCamAnima27,2,37,0.9666666,0,0,0,0,8,8,1
*,TestCamAnima27,2,38,1,0,0,0,0,8,8,1
*,TestCamAnima28,2,0,0,0,-1.2,-1.2,0,8,8,0.6666666
*,TestCamAnima28,2,1,0.1666667,-0.8,2.384186E-07,Infinity,25,8,8,0.6666666
*,TestCamAnima28,2,2,0.2666666,0,8.000007,0,21,8,8,0.6666666
*,TestCamAnima28,2,3,0.6,0,0,-30.00003,21,8,8,0.6666666
*,TestCamAnima28,2,4,0.6333333,-1,0,0,0,8,8,0.6666666
*,TestCamAnima28,2,5,0.6666666,0,0,0,0,8,8,0.6666666
*,TestCamAnima28,1,0,0,0,0,0,0,8,8,0.6666666
*,TestCamAnima28,1,1,0.1333333,0,0,0,0,8,8,0.6666666
*,TestCamAnima28,1,2,0.2666666,0,0,0,0,8,8,0.6666666
*,TestCamAnima28,1,3,0.3833333,0,0,0,0,8,8,0.6666666
*,TestCamAnima28,1,4,0.45,0,0,0,0,8,8,0.6666666
*,TestCamAnima28,1,5,0.5,0,0,0,0,8,8,0.6666666
*,TestCamAnima28,0,0,0,0,0,0,0,8,8,0.6666666
*,TestCamAnima28,0,1,0.1333333,0,0,0,0,8,8,0.6666666
*,TestCamAnima28,0,2,0.2666666,0,0,0,0,8,8,0.6666666
*,TestCamAnima28,0,3,0.3833333,0,0,0,0,8,8,0.6666666
*,TestCamAnima28,0,4,0.45,0,0,0,0,8,8,0.6666666
*,TestCamAnima28,0,5,0.5,0,0,0,0,8,8,0.6666666
*,TestCamAnima28,3,0,0,0,2.280198E-39,0,0,8,8,0.6666666
*,TestCamAnima28,3,1,0.2666666,0,0,0,0,8,8,0.6666666
*,TestCamAnima28,3,2,0.3833333,0,0,0,0,8,8,0.6666666
*,TestCamAnima28,3,3,0.45,0,0,0,0,8,8,0.6666666
*,TestCamAnima28,3,4,0.5,0,0,4.203895E-45,0,8,8,0.6666666
*,TestCamAnima28,4,0,0,0,6.170181E-39,0,0,8,8,0.6666666
*,TestCamAnima28,4,1,0.2666666,0,0,0,0,8,8,0.6666666
*,TestCamAnima28,4,2,0.3833333,0,0,0,0,8,8,0.6666666
*,TestCamAnima28,4,3,0.45,0,0,0,0,8,8,0.6666666
*,TestCamAnima28,4,4,0.5,0,0,1.328518E-28,0,8,8,0.6666666
*,TestCamAnima28,5,0,0,0,-6.908809E-18,0,0,8,8,0.6666666
*,TestCamAnima28,5,1,0.2666666,0,0,0,0,8,8,0.6666666
*,TestCamAnima28,5,2,0.3833333,0,0,0,0,8,8,0.6666666
*,TestCamAnima28,5,3,0.45,0,0,0,0,8,8,0.6666666
*,TestCamAnima28,5,4,0.5,0,0,3.103089E-21,0,8,8,0.6666666
*,TestCamAnima28,6,0,0,1,3.103089E-21,0,0,8,8,0.6666666
*,TestCamAnima28,6,1,0.2666666,1,0,0,0,8,8,0.6666666
*,TestCamAnima28,6,2,0.3833333,1,0,0,0,8,8,0.6666666
*,TestCamAnima28,6,3,0.45,1,0,0,0,8,8,0.6666666
*,TestCamAnima28,6,4,0.5,1,0,2.281045E-39,0,8,8,0.6666666
*,TestCamAnima29,3,0,0,0,2.279526E-39,0,0,8,8,0.5833333
*,TestCamAnima29,3,1,0.1666666,0,0,0,0,8,8,0.5833333
*,TestCamAnima29,3,2,0.25,0,0,0,0,8,8,0.5833333
*,TestCamAnima29,3,3,0.2666667,0,0,0,0,8,8,0.5833333
*,TestCamAnima29,3,4,0.3,0,0,0,0,8,8,0.5833333
*,TestCamAnima29,3,5,0.3333333,0,0,0,0,8,8,0.5833333
*,TestCamAnima29,3,6,0.35,0,0,0,0,8,8,0.5833333
*,TestCamAnima29,3,7,0.4,0,0,0,0,8,8,0.5833333
*,TestCamAnima29,3,8,0.4333333,0,0,0,0,8,8,0.5833333
*,TestCamAnima29,3,9,0.4666667,0,0,0,0,8,8,0.5833333
*,TestCamAnima29,3,10,0.5166667,0,0,0,0,8,8,0.5833333
*,TestCamAnima29,3,11,0.55,0,0,0,0,8,8,0.5833333
*,TestCamAnima29,3,12,0.5833333,0,0,4.203895E-45,0,8,8,0.5833333
*,TestCamAnima29,4,0,0,0,6.170181E-39,0,0,8,8,0.5833333
*,TestCamAnima29,4,1,0.1666666,0,0,0,0,8,8,0.5833333
*,TestCamAnima29,4,2,0.25,0,0,0,0,8,8,0.5833333
*,TestCamAnima29,4,3,0.2666667,0,0,0,0,8,8,0.5833333
*,TestCamAnima29,4,4,0.3,0,0,0,0,8,8,0.5833333
*,TestCamAnima29,4,5,0.3333333,0,0,0,0,8,8,0.5833333
*,TestCamAnima29,4,6,0.35,0,0,0,0,8,8,0.5833333
*,TestCamAnima29,4,7,0.4,0,0,0,0,8,8,0.5833333
*,TestCamAnima29,4,8,0.4333333,0,0,0,0,8,8,0.5833333
*,TestCamAnima29,4,9,0.4666667,0,0,0,0,8,8,0.5833333
*,TestCamAnima29,4,10,0.5166667,0,0,0,0,8,8,0.5833333
*,TestCamAnima29,4,11,0.55,0,0,0,0,8,8,0.5833333
*,TestCamAnima29,4,12,0.5833333,0,0,2.246739E-33,0,8,8,0.5833333
*,TestCamAnima29,5,0,0,0,-3.576736E+33,0,0,8,8,0.5833333
*,TestCamAnima29,5,1,0.1666666,0,0,0,0,8,8,0.5833333
*,TestCamAnima29,5,2,0.25,0,0,-0.0003136791,0,8,8,0.5833333
*,TestCamAnima29,5,3,0.2666667,-0.001745328,-0.000321306,0.0001536682,0,8,8,0.5833333
*,TestCamAnima29,5,4,0.3,0,0.0001588013,0,0,8,8,0.5833333
*,TestCamAnima29,5,5,0.3333333,0,0,0.0003136808,0,8,8,0.5833333
*,TestCamAnima29,5,6,0.35,0.001745328,0.0003213066,-0.0001024455,0,8,8,0.5833333
*,TestCamAnima29,5,7,0.4,0,-0.0001038738,-0.0001571206,0,8,8,0.5833333
*,TestCamAnima29,5,8,0.4333333,-0.001745328,-0.0001606532,0.0001536682,0,8,8,0.5833333
*,TestCamAnima29,5,9,0.4666667,0,0.0001588013,0.0001046848,0,8,8,0.5833333
*,TestCamAnima29,5,10,0.5166667,0.001745328,0.0001071021,-0.0001536681,0,8,8,0.5833333
*,TestCamAnima29,5,11,0.55,0,-0.0001588039,0,0,8,8,0.5833333
*,TestCamAnima29,5,12,0.5833333,0,0,1.247362E-28,0,8,8,0.5833333
*,TestCamAnima29,6,0,0,1,1.247362E-28,0,0,8,8,0.5833333
*,TestCamAnima29,6,1,0.1666666,1,0,0,0,8,8,0.5833333
*,TestCamAnima29,6,2,0.25,1,0,0,0,8,8,0.5833333
*,TestCamAnima29,6,3,0.2666667,0.9999985,0,0,0,8,8,0.5833333
*,TestCamAnima29,6,4,0.3,1,0,0,0,8,8,0.5833333
*,TestCamAnima29,6,5,0.3333333,1,0,0,0,8,8,0.5833333
*,TestCamAnima29,6,6,0.35,0.9999985,0,0,0,8,8,0.5833333
*,TestCamAnima29,6,7,0.4,1,0,0,0,8,8,0.5833333
*,TestCamAnima29,6,8,0.4333333,0.9999985,0,0,0,8,8,0.5833333
*,TestCamAnima29,6,9,0.4666667,1,0,0,0,8,8,0.5833333
*,TestCamAnima29,6,10,0.5166667,0.9999985,0,0,0,8,8,0.5833333
*,TestCamAnima29,6,11,0.55,1,0,0,0,8,8,0.5833333
*,TestCamAnima29,6,12,0.5833333,1,0,2.280372E-39,0,8,8,0.5833333
*,TestCamAnima29,0,0,0,0,0,0,0,8,8,0.5833333
*,TestCamAnima29,0,1,0.08333331,0,0,0,0,8,8,0.5833333
*,TestCamAnima29,0,2,0.1666666,0,0,0,0,8,8,0.5833333
*,TestCamAnima29,0,3,0.25,0,0,0,0,8,8,0.5833333
*,TestCamAnima29,0,4,0.2666667,0,0,0,0,8,8,0.5833333
*,TestCamAnima29,0,5,0.2833333,0,0,0,0,8,8,0.5833333
*,TestCamAnima29,0,6,0.3,0,0,0,0,8,8,0.5833333
*,TestCamAnima29,0,7,0.3333333,0,0,0,0,8,8,0.5833333
*,TestCamAnima29,0,8,0.35,0,0,0,0,8,8,0.5833333
*,TestCamAnima29,0,9,0.3833333,0,0,0,0,8,8,0.5833333
*,TestCamAnima29,0,10,0.4,0,0,0,0,8,8,0.5833333
*,TestCamAnima29,0,11,0.4166667,0,0,0,0,8,8,0.5833333
*,TestCamAnima29,0,12,0.4333333,0,0,0,0,8,8,0.5833333
*,TestCamAnima29,0,13,0.4666667,0,0,0,0,8,8,0.5833333
*,TestCamAnima29,0,14,0.4833333,0,0,0,0,8,8,0.5833333
*,TestCamAnima29,0,15,0.5166667,0,0,0,0,8,8,0.5833333
*,TestCamAnima29,0,16,0.55,0,0,0,0,8,8,0.5833333
*,TestCamAnima29,0,17,0.5833333,0,0,0,0,8,8,0.5833333
*,TestCamAnima29,1,0,0,0,0,0,0,8,8,0.5833333
*,TestCamAnima29,1,1,0.08333331,0,0,0,0,8,8,0.5833333
*,TestCamAnima29,1,2,0.1666666,0,0,0,0,8,8,0.5833333
*,TestCamAnima29,1,3,0.25,0,0,0,0,8,8,0.5833333
*,TestCamAnima29,1,4,0.2666667,0,0,0,0,8,8,0.5833333
*,TestCamAnima29,1,5,0.2833333,0,0,0,0,8,8,0.5833333
*,TestCamAnima29,1,6,0.3,0,0,0,0,8,8,0.5833333
*,TestCamAnima29,1,7,0.3333333,0,0,0,0,8,8,0.5833333
*,TestCamAnima29,1,8,0.35,0,0,0,0,8,8,0.5833333
*,TestCamAnima29,1,9,0.3833333,0,0,0,0,8,8,0.5833333
*,TestCamAnima29,1,10,0.4,0,0,0,0,8,8,0.5833333
*,TestCamAnima29,1,11,0.4166667,0,0,0,0,8,8,0.5833333
*,TestCamAnima29,1,12,0.4333333,0,0,0,0,8,8,0.5833333
*,TestCamAnima29,1,13,0.4666667,0,0,0,0,8,8,0.5833333
*,TestCamAnima29,1,14,0.4833333,0,0,0,0,8,8,0.5833333
*,TestCamAnima29,1,15,0.5166667,0,0,0,0,8,8,0.5833333
*,TestCamAnima29,1,16,0.55,0,0,0,0,8,8,0.5833333
*,TestCamAnima29,1,17,0.5833333,0,0,0,0,8,8,0.5833333
*,TestCamAnima29,2,0,0,0,-1.2,-1.2,0,8,8,0.5833333
*,TestCamAnima29,2,1,0.08333331,-1,2.384186E-07,2.384186E-07,0,8,8,0.5833333
*,TestCamAnima29,2,2,0.1666666,0,12.00001,0,0,8,8,0.5833333
*,TestCamAnima29,2,3,0.25,0,0,-47.99996,0,8,8,0.5833333
*,TestCamAnima29,2,4,0.2666667,-0.8,0,0,0,8,8,0.5833333
*,TestCamAnima29,2,5,0.2833333,0,0,0,0,8,8,0.5833333
*,TestCamAnima29,2,6,0.3,0,0,0,0,8,8,0.5833333
*,TestCamAnima29,2,7,0.3333333,0,0,0,0,8,8,0.5833333
*,TestCamAnima29,2,8,0.35,-0.5,0,0,0,8,8,0.5833333
*,TestCamAnima29,2,9,0.3833333,0,0,0,0,8,8,0.5833333
*,TestCamAnima29,2,10,0.4,0,0,0,0,8,8,0.5833333
*,TestCamAnima29,2,11,0.4166667,0,0,0,0,8,8,0.5833333
*,TestCamAnima29,2,12,0.4333333,-0.2,0,0,0,8,8,0.5833333
*,TestCamAnima29,2,13,0.4666667,-0.05185148,5.333325,5.333325,0,8,8,0.5833333
*,TestCamAnima29,2,14,0.4833333,0,0,0,0,8,8,0.5833333
*,TestCamAnima29,2,15,0.5166667,0,0,0,0,8,8,0.5833333
*,TestCamAnima29,2,16,0.55,0,0,0,0,8,8,0.5833333
*,TestCamAnima29,2,17,0.5833333,0,0,0,0,8,8,0.5833333
*,TestCamAnima3,3,0,0,0,0,0,0,8,8,0.75
*,TestCamAnima3,3,1,0.75,0,0,0,0,8,8,0.75
*,TestCamAnima3,4,0,0,0,0,0,0,8,8,0.75
*,TestCamAnima3,4,1,0.75,0,0,0,0,8,8,0.75
*,TestCamAnima3,5,0,0,0,0,0,0,8,8,0.75
*,TestCamAnima3,5,1,0.75,0,0,0,0,8,8,0.75
*,TestCamAnima3,6,0,0,1,0,0,0,8,8,0.75
*,TestCamAnima3,6,1,0.75,1,0,0,0,8,8,0.75
*,TestCamAnima3,0,0,0,0,0,0,0,8,8,0.75
*,TestCamAnima3,0,1,0.5833334,0,0,0,0,8,8,0.75
*,TestCamAnima3,0,2,0.6666667,0,0,0,0,8,8,0.75
*,TestCamAnima3,0,3,0.75,0,0,0,0,8,8,0.75
*,TestCamAnima3,1,0,0,0,0,0,0,8,8,0.75
*,TestCamAnima3,1,1,0.5833334,0,0,0,0,8,8,0.75
*,TestCamAnima3,1,2,0.6666667,0,0,0,0,8,8,0.75
*,TestCamAnima3,1,3,0.75,0,0,0,0,8,8,0.75
*,TestCamAnima3,2,0,0,0.0001798353,0,0,0,8,8,0.75
*,TestCamAnima3,2,1,0.5833334,0.0001798353,Infinity,Infinity,0,8,8,0.75
*,TestCamAnima3,2,2,0.6666667,0.6,0.1407916,-0.01483853,0,8,8,0.75
*,TestCamAnima3,2,3,0.75,0.0001798353,-7.197844,-7.197844,0,8,8,0.75
*,TestCamAnima30,3,0,0,0,0,0,0,8,8,0.3833333
*,TestCamAnima30,3,1,0.1666666,0,0,0,0,8,8,0.3833333
*,TestCamAnima30,4,0,0,0,0,0,0,8,8,0.3833333
*,TestCamAnima30,4,1,0.1666666,0,0,0,0,8,8,0.3833333
*,TestCamAnima30,5,0,0,0,0,0,0,8,8,0.3833333
*,TestCamAnima30,5,1,0.1666666,0,0,0,0,8,8,0.3833333
*,TestCamAnima30,6,0,0,1,0,0,0,8,8,0.3833333
*,TestCamAnima30,6,1,0.1666666,1,0,0,0,8,8,0.3833333
*,TestCamAnima30,0,0,0,0,0,0,0,8,8,0.3833333
*,TestCamAnima30,0,1,0.03333334,0,0,0,0,8,8,0.3833333
*,TestCamAnima30,0,2,0.0666666,0,0,0,0,8,8,0.3833333
*,TestCamAnima30,0,3,0.08333331,0,0,0,0,8,8,0.3833333
*,TestCamAnima30,0,4,0.1166667,0,0,0,0,8,8,0.3833333
*,TestCamAnima30,0,5,0.1333333,0,0,0,0,8,8,0.3833333
*,TestCamAnima30,0,6,0.15,0,0,0,0,8,8,0.3833333
*,TestCamAnima30,0,7,0.1666666,0,0,0,0,8,8,0.3833333
*,TestCamAnima30,0,8,0.2,0,0,0,0,8,8,0.3833333
*,TestCamAnima30,0,9,0.2166667,0,0,0,0,8,8,0.3833333
*,TestCamAnima30,0,10,0.2333333,0,0,0,0,8,8,0.3833333
*,TestCamAnima30,0,11,0.2666667,0,0,0,0,8,8,0.3833333
*,TestCamAnima30,0,12,0.2833333,0,0,0,0,8,8,0.3833333
*,TestCamAnima30,0,13,0.3,0,0,0,0,8,8,0.3833333
*,TestCamAnima30,0,14,0.35,0,0,0,0,8,8,0.3833333
*,TestCamAnima30,0,15,0.3666667,0,0,0,0,8,8,0.3833333
*,TestCamAnima30,0,16,0.3833333,0,0,0,0,8,8,0.3833333
*,TestCamAnima30,1,0,0,0,0,0,0,8,8,0.3833333
*,TestCamAnima30,1,1,0.03333334,0,0,0,0,8,8,0.3833333
*,TestCamAnima30,1,2,0.0666666,0,0,0,0,8,8,0.3833333
*,TestCamAnima30,1,3,0.08333331,0,0,0,0,8,8,0.3833333
*,TestCamAnima30,1,4,0.1166667,0,0,0,0,8,8,0.3833333
*,TestCamAnima30,1,5,0.1333333,0,0,0,0,8,8,0.3833333
*,TestCamAnima30,1,6,0.15,0,0,0,0,8,8,0.3833333
*,TestCamAnima30,1,7,0.1666666,0,0,0,0,8,8,0.3833333
*,TestCamAnima30,1,8,0.2,0,0,0,0,8,8,0.3833333
*,TestCamAnima30,1,9,0.2166667,0,0,0,0,8,8,0.3833333
*,TestCamAnima30,1,10,0.2333333,0,0,0,0,8,8,0.3833333
*,TestCamAnima30,1,11,0.2666667,0,0,0,0,8,8,0.3833333
*,TestCamAnima30,1,12,0.2833333,0,0,0,0,8,8,0.3833333
*,TestCamAnima30,1,13,0.3,0,0,0,0,8,8,0.3833333
*,TestCamAnima30,1,14,0.35,0,0,0,0,8,8,0.3833333
*,TestCamAnima30,1,15,0.3666667,0,0,0,0,8,8,0.3833333
*,TestCamAnima30,1,16,0.3833333,0,0,0,0,8,8,0.3833333
*,TestCamAnima30,2,0,0,0,-1.2,-1.2,0,8,8,0.3833333
*,TestCamAnima30,2,1,0.05,-1,2.384186E-07,2.384186E-07,0,8,8,0.3833333
*,TestCamAnima30,2,2,0.1166666,0,3.000007,0,0,8,8,0.3833333
*,TestCamAnima4,3,0,0,0,0,0,0,8,8,0.4
*,TestCamAnima4,3,1,0.4,0,0,0,0,8,8,0.4
*,TestCamAnima4,4,0,0,0,0,0,0,8,8,0.4
*,TestCamAnima4,4,1,0.4,0,0,0,0,8,8,0.4
*,TestCamAnima4,5,0,0,0,0,0,0,8,8,0.4
*,TestCamAnima4,5,1,0.4,0,0,0,0,8,8,0.4
*,TestCamAnima4,6,0,0,1,0,0,0,8,8,0.4
*,TestCamAnima4,6,1,0.4,1,0,0,0,8,8,0.4
*,TestCamAnima4,0,0,0,0,0,0,0,8,8,0.4
*,TestCamAnima4,0,1,0.3,0,0,0,0,8,8,0.4
*,TestCamAnima4,0,2,0.3166667,0,0,0,0,8,8,0.4
*,TestCamAnima4,0,3,0.3666667,0,0,0,0,8,8,0.4
*,TestCamAnima4,0,4,0.4,0,0,0,0,8,8,0.4
*,TestCamAnima4,1,0,0,0,0,0,0,8,8,0.4
*,TestCamAnima4,1,1,0.3,0,0,0,0,8,8,0.4
*,TestCamAnima4,1,2,0.3166667,0,0,0,0,8,8,0.4
*,TestCamAnima4,1,3,0.3666667,0,0,0,0,8,8,0.4
*,TestCamAnima4,1,4,0.4,0,0,0,0,8,8,0.4
*,TestCamAnima4,2,0,0,0.0001798353,-0.0005994511,-0.0005994511,0,8,8,0.4
*,TestCamAnima4,2,1,0.3,0,-0.005395065,-0.005395065,0,8,8,0.4
*,TestCamAnima4,2,2,0.3166667,0,Infinity,Infinity,0,8,8,0.4
*,TestCamAnima4,2,3,0.3666667,0.5,0.1407916,-16.60859,0,8,8,0.4
*,TestCamAnima4,2,4,0.4,0,-15,-15,0,8,8,0.4
*,TestCamAnima5,3,0,0,0,2.280198E-39,0,0,8,8,1.5
*,TestCamAnima5,3,1,0.6666666,0,0,0,0,8,8,1.5
*,TestCamAnima5,3,2,1,0,0,0,0,8,8,1.5
*,TestCamAnima5,3,3,1.05,0,0,0,0,8,8,1.5
*,TestCamAnima5,3,4,1.133333,0,0,4.203895E-45,0,8,8,1.5
*,TestCamAnima5,4,0,0,0,6.170181E-39,0,0,8,8,1.5
*,TestCamAnima5,4,1,0.6666666,0,0,0,0,8,8,1.5
*,TestCamAnima5,4,2,1,0,0,0,0,8,8,1.5
*,TestCamAnima5,4,3,1.05,0,0,0,0,8,8,1.5
*,TestCamAnima5,4,4,1.133333,0,0,2.004524E-28,0,8,8,1.5
*,TestCamAnima5,5,0,0,0,3.161238E-26,0,0,8,8,1.5
*,TestCamAnima5,5,1,0.6666666,0,0,0,0,8,8,1.5
*,TestCamAnima5,5,2,1,0,0,0,0,8,8,1.5
*,TestCamAnima5,5,3,1.05,0,0,0,0,8,8,1.5
*,TestCamAnima5,5,4,1.133333,0,0,4.80901E-21,0,8,8,1.5
*,TestCamAnima5,6,0,0,1,4.80901E-21,0,0,8,8,1.5
*,TestCamAnima5,6,1,0.6666666,1,0,0,0,8,8,1.5
*,TestCamAnima5,6,2,1,1,0,0,0,8,8,1.5
*,TestCamAnima5,6,3,1.05,1,0,0,0,8,8,1.5
*,TestCamAnima5,6,4,1.133333,1,0,2.281045E-39,0,8,8,1.5
*,TestCamAnima5,0,0,0,0,0,0,0,8,8,1.5
*,TestCamAnima5,0,1,0.5,0,0,0,0,8,8,1.5
*,TestCamAnima5,0,2,0.5666667,0,0,0,0,8,8,1.5
*,TestCamAnima5,0,3,0.6666666,0,0,0,0,8,8,1.5
*,TestCamAnima5,0,4,1,0,0,0,0,8,8,1.5
*,TestCamAnima5,0,5,1.05,0,0,0,0,8,8,1.5
*,TestCamAnima5,0,6,1.066667,0,0,0,0,8,8,1.5
*,TestCamAnima5,0,7,1.133333,0,0,0,0,8,8,1.5
*,TestCamAnima5,0,8,1.166667,0,0,0,0,8,8,1.5
*,TestCamAnima5,0,9,1.5,0,0,0,0,8,8,1.5
*,TestCamAnima5,1,0,0,0,0,0,0,8,8,1.5
*,TestCamAnima5,1,1,0.5,0,0,0,0,8,8,1.5
*,TestCamAnima5,1,2,0.5666667,0,0,0,0,8,8,1.5
*,TestCamAnima5,1,3,0.6666666,0,0,0,0,8,8,1.5
*,TestCamAnima5,1,4,1,0,0,0,0,8,8,1.5
*,TestCamAnima5,1,5,1.05,0,0,0,0,8,8,1.5
*,TestCamAnima5,1,6,1.066667,0,0,0,0,8,8,1.5
*,TestCamAnima5,1,7,1.133333,0,0,0,0,8,8,1.5
*,TestCamAnima5,1,8,1.166667,0,0,0,0,8,8,1.5
*,TestCamAnima5,1,9,1.5,0,0,0,0,8,8,1.5
*,TestCamAnima5,2,0,0,0,-0.0002075023,-0.0002075023,0,8,8,1.5
*,TestCamAnima5,2,1,0.08333334,-1.200823E-05,-8.646111E-05,-8.646111E-05,0,8,8,1.5
*,TestCamAnima5,2,2,0.1166667,0,0,0,0,8,8,1.5
*,TestCamAnima5,2,3,0.1666667,-1.296898E-05,5.187303E-05,5.187303E-05,0,8,8,1.5
*,TestCamAnima5,2,4,0.2833333,-8.511024E-06,5.349193E-05,5.349193E-05,0,8,8,1.5
*,TestCamAnima5,2,5,0.35,0.3,4.979483E-05,4.979483E-05,0,8,8,1.5
*,TestCamAnima5,2,6,0.4,-4.323393E-06,4.538606E-05,4.538606E-05,0,8,8,1.5
*,TestCamAnima5,2,7,0.5,0,0,0,0,8,8,1.5
*,TestCamAnima5,2,8,0.5666667,1,-1.642607,-1.642607,0,8,8,1.5
*,TestCamAnima5,2,9,0.6666666,0,-4.885785,0,0,8,8,1.5
*,TestCamAnima5,2,10,0.7833333,0,0,0,0,8,8,1.5
*,TestCamAnima5,2,11,0.8166667,0.2,0,0,0,8,8,1.5
*,TestCamAnima5,2,12,0.8666666,0,0,0,0,8,8,1.5
*,TestCamAnima5,2,13,1,0,0,Infinity,0,8,8,1.5
*,TestCamAnima5,2,14,1.05,0,Infinity,Infinity,0,8,8,1.5
*,TestCamAnima5,2,15,1.066667,0.6,-2.442891,-2.442891,0,8,8,1.5
*,TestCamAnima5,2,16,1.133333,0.1628627,-4.885782,-4.885782,0,8,8,1.5
*,TestCamAnima5,2,17,1.166667,0,-4.885782,0,0,8,8,1.5
*,TestCamAnima5,2,18,1.316667,0,0,0,0,8,8,1.5
*,TestCamAnima5,2,19,1.333333,0,0,0,0,8,8,1.5
*,TestCamAnima5,2,20,1.366667,0,0,0,0,8,8,1.5
*,TestCamAnima5,2,21,1.5,0,0,0,0,8,8,1.5
*,TestCamAnima6,2,0,0,0,-2.4,-2.4,0,8,8,0.25
*,TestCamAnima6,2,1,0.08333331,-0.2,-2.4,4.8,0,8,8,0.25
*,TestCamAnima6,2,2,0.1666667,0.2,4.8,-4.800002,0,8,8,0.25
*,TestCamAnima6,2,3,0.25,-0.2,-4.800002,4.800001,0,8,8,0.25
*,TestCamAnima6,1,0,0,0,0,0,0,8,8,0.25
*,TestCamAnima6,1,1,0.08333331,0,0,0,0,8,8,0.25
*,TestCamAnima6,1,2,0.1666667,0,0,0,0,8,8,0.25
*,TestCamAnima6,1,3,0.25,0,0,0,0,8,8,0.25
*,TestCamAnima6,0,0,0,0,0,0,0,8,8,0.25
*,TestCamAnima6,0,1,0.08333331,0,0,0,0,8,8,0.25
*,TestCamAnima6,0,2,0.1666667,0,0,0,0,8,8,0.25
*,TestCamAnima6,0,3,0.25,0,0,0,0,8,8,0.25
*,TestCamAnima6,3,0,0,0,2.280355E-39,4.203895E-45,0,8,8,0.25
*,TestCamAnima6,4,0,0,0,6.170181E-39,9.754519E-28,0,8,8,0.25
*,TestCamAnima6,5,0,0,0,-4.790816E-11,1.111515E-20,0,8,8,0.25
*,TestCamAnima6,6,0,0,1,1.111515E-20,2.281202E-39,0,8,8,0.25
*,TestCamAnima7,3,0,0,0,0,0,0,8,8,0.4166667
*,TestCamAnima7,3,1,0.4166667,0,0,0,0,8,8,0.4166667
*,TestCamAnima7,4,0,0,0,0,0,0,8,8,0.4166667
*,TestCamAnima7,4,1,0.4166667,0,0,0,0,8,8,0.4166667
*,TestCamAnima7,5,0,0,0,0,0,0,8,8,0.4166667
*,TestCamAnima7,5,1,0.4166667,0,0,0,0,8,8,0.4166667
*,TestCamAnima7,6,0,0,1,0,0,0,8,8,0.4166667
*,TestCamAnima7,6,1,0.4166667,1,0,0,0,8,8,0.4166667
*,TestCamAnima7,0,0,0,0,0,0,0,8,8,0.4166667
*,TestCamAnima7,0,1,0.2833333,0,0,0,0,8,8,0.4166667
*,TestCamAnima7,0,2,0.3333333,0,0,0,0,8,8,0.4166667
*,TestCamAnima7,0,3,0.4166667,0,0,0,0,8,8,0.4166667
*,TestCamAnima7,1,0,0,0,0,0,0,8,8,0.4166667
*,TestCamAnima7,1,1,0.2833333,0,0.2103996,0.2103996,0,8,8,0.4166667
*,TestCamAnima7,1,2,0.3333333,0.02103996,0.08415982,0.08415982,0,8,8,0.4166667
*,TestCamAnima7,1,3,0.4166667,0,-0.2524795,-0.2524795,0,8,8,0.4166667
*,TestCamAnima7,2,0,0,-0.002718709,-0.000634713,-0.000634713,0,8,8,0.4166667
*,TestCamAnima7,2,1,0.2833333,-0.002898544,Infinity,Infinity,0,8,8,0.4166667
*,TestCamAnima7,2,2,0.3333333,-0.002898544,0.1407916,-4.173462,0,8,8,0.4166667
*,TestCamAnima7,2,3,0.4166667,-0.002898544,0,0,0,8,8,0.4166667
*,TestCamAnima8,-1,0,0.5166667,1,0,0,10,8,8,1
*,TestCamAnima8,-1,1,0.5333334,1,0,0,10,8,8,1
*,TestCamAnima8,-1,2,0.55,1,0,0,10,8,8,1
*,TestCamAnima8,-1,3,0.5833333,1,0,0,10,8,8,1
*,TestCamAnima8,-1,4,0.6166667,1,0,0,10,8,8,1
*,TestCamAnima8,-1,0,0.5166667,1,0,0,10,8,8,1
*,TestCamAnima8,-1,1,0.5333334,1,0,0,10,8,8,1
*,TestCamAnima8,-1,2,0.55,1,0,0,10,8,8,1
*,TestCamAnima8,-1,3,0.5833333,1,0,0,10,8,8,1
*,TestCamAnima8,-1,4,0.6166667,1,0,0,10,8,8,1
*,TestCamAnima8,-1,0,0.5166667,1,0,0,10,8,8,1
*,TestCamAnima8,-1,1,0.5333334,1,0,0,10,8,8,1
*,TestCamAnima8,-1,2,0.55,1,0,0,10,8,8,1
*,TestCamAnima8,-1,3,0.5833333,1,0,0,10,8,8,1
*,TestCamAnima8,-1,4,0.6166667,1,0,0,10,8,8,1
*,TestCamAnima8,2,0,0,0,-0.0001660019,-0.0001660019,0,8,8,1
*,TestCamAnima8,2,1,0.25,0,0.002860324,0.002860324,0,8,8,1
*,TestCamAnima8,2,2,0.3833333,-1,0,0,0,8,8,1
*,TestCamAnima8,2,3,0.4166667,0,30,0,0,8,8,1
*,TestCamAnima8,2,4,0.4666668,0,0,Infinity,0,8,8,1
*,TestCamAnima8,2,5,0.4833333,2,0.1407916,-29.95156,0,8,8,1
*,TestCamAnima8,2,6,0.4999999,0.003231017,-29.95156,-0.008428738,0,8,8,1
*,TestCamAnima8,2,7,0.5166667,0.002950059,-0.008430798,-0.008430798,0,8,8,1
*,TestCamAnima8,2,8,0.5333334,0.8,-0.008431962,-0.008431962,0,8,8,1
*,TestCamAnima8,2,9,0.55,0.002669021,-0.008433126,-0.008433126,0,8,8,1
*,TestCamAnima8,2,10,0.5666666,0.5,-0.008433126,-0.008433126,0,8,8,1
*,TestCamAnima8,2,11,0.5833333,0.002387935,-0.008433126,-0.008433126,0,8,8,1
*,TestCamAnima8,2,12,0.6166667,0.002127284,-0.007242197,-0.007242197,0,8,8,1
*,TestCamAnima8,2,13,1,0,-0.008428738,0,0,8,8,1
*,TestCamAnima8,0,0,0,0,0,0,0,8,8,1
*,TestCamAnima8,0,1,0.25,0,0,0,0,8,8,1
*,TestCamAnima8,0,2,0.3833333,0,0,0,0,8,8,1
*,TestCamAnima8,0,3,0.4166667,0,0,0,0,8,8,1
*,TestCamAnima8,0,4,0.5166667,0,0,0,0,8,8,1
*,TestCamAnima8,0,5,0.5333334,0,0,0,0,8,8,1
*,TestCamAnima8,0,6,0.55,0,0,0,0,8,8,1
*,TestCamAnima8,0,7,0.5833333,0,0,0,0,8,8,1
*,TestCamAnima8,0,8,0.6166667,0,0,0,0,8,8,1
*,TestCamAnima8,0,9,0.6833333,0,0,0,0,8,8,1
*,TestCamAnima8,0,10,0.7,0,0,0,0,8,8,1
*,TestCamAnima8,0,11,0.7166667,0,0,0,0,8,8,1
*,TestCamAnima8,0,12,0.7333333,0,0,0,0,8,8,1
*,TestCamAnima8,0,13,0.75,0,0,0,0,8,8,1
*,TestCamAnima8,0,14,1,0,0,0,0,8,8,1
*,TestCamAnima8,1,0,0,0,0,0,0,8,8,1
*,TestCamAnima8,1,1,0.25,0,0,0,0,8,8,1
*,TestCamAnima8,1,2,0.3833333,0,0,0,0,8,8,1
*,TestCamAnima8,1,3,0.4166667,0,0,0,0,8,8,1
*,TestCamAnima8,1,4,0.5166667,0,0,0,0,8,8,1
*,TestCamAnima8,1,5,0.5333334,0,0,0,0,8,8,1
*,TestCamAnima8,1,6,0.55,0,0,0,0,8,8,1
*,TestCamAnima8,1,7,0.5833333,0,0,0,0,8,8,1
*,TestCamAnima8,1,8,0.6166667,0,0,0,0,8,8,1
*,TestCamAnima8,1,9,0.6833333,0,0,0,0,8,8,1
*,TestCamAnima8,1,10,0.7,0,0,0,0,8,8,1
*,TestCamAnima8,1,11,0.7166667,0,0,0,0,8,8,1
*,TestCamAnima8,1,12,0.7333333,0,0,0,0,8,8,1
*,TestCamAnima8,1,13,0.75,0,0,0,0,8,8,1
*,TestCamAnima8,1,14,1,0,0,0,0,8,8,1
*,TestCamAnima8,3,0,0,0,2.279526E-39,0,0,8,8,1
*,TestCamAnima8,3,1,0.5166667,0,0,0,0,8,8,1
*,TestCamAnima8,3,2,0.5333334,0,0,0,0,8,8,1
*,TestCamAnima8,3,3,0.55,0,0,0,0,8,8,1
*,TestCamAnima8,3,4,0.5833333,0,0,0,0,8,8,1
*,TestCamAnima8,3,5,0.6166667,0,0,0,0,8,8,1
*,TestCamAnima8,3,6,0.6833333,0,0,0,0,8,8,1
*,TestCamAnima8,3,7,0.7,0,0,0,0,8,8,1
*,TestCamAnima8,3,8,0.7166667,0,0,0,0,8,8,1
*,TestCamAnima8,3,9,0.7333333,0,0,0,0,8,8,1
*,TestCamAnima8,3,10,0.75,0,0,8.407791E-45,0,8,8,1
*,TestCamAnima8,4,0,0,0,6.170181E-39,0,0,8,8,1
*,TestCamAnima8,4,1,0.5166667,0,0,0,0,8,8,1
*,TestCamAnima8,4,2,0.5333334,0,0,0,0,8,8,1
*,TestCamAnima8,4,3,0.55,0,0,0,0,8,8,1
*,TestCamAnima8,4,4,0.5833333,0,0,0,0,8,8,1
*,TestCamAnima8,4,5,0.6166667,0,0,0,0,8,8,1
*,TestCamAnima8,4,6,0.6833333,0,0,0,0,8,8,1
*,TestCamAnima8,4,7,0.7,0,0,0,0,8,8,1
*,TestCamAnima8,4,8,0.7166667,0,0,0,0,8,8,1
*,TestCamAnima8,4,9,0.7333333,0,0,0,0,8,8,1
*,TestCamAnima8,4,10,0.75,0,0,2.850433E-33,0,8,8,1
*,TestCamAnima8,5,0,0,0,-3.576736E+33,0,0,8,8,1
*,TestCamAnima8,5,1,0.5166667,0,0,-0.001574002,0,8,8,1
*,TestCamAnima8,5,2,0.5333334,-0.008726535,-0.001620497,0.001564623,0,8,8,1
*,TestCamAnima8,5,3,0.55,0,0.001545709,0.000784202,0,8,8,1
*,TestCamAnima8,5,4,0.5833333,0.008726535,0.000754372,-0.0007823103,0,8,8,1
*,TestCamAnima8,5,5,0.6166667,0,-0.0008078374,0,0,8,8,1
*,TestCamAnima8,5,6,0.6833333,0,0,0,0,8,8,1
*,TestCamAnima8,5,7,0.7,0,0,0,0,8,8,1
*,TestCamAnima8,5,8,0.7166667,0,0,0,0,8,8,1
*,TestCamAnima8,5,9,0.7333333,0,0,0,0,8,8,1
*,TestCamAnima8,5,10,0.75,0,0,1.895155E-28,0,8,8,1
*,TestCamAnima8,6,0,0,1,1.895155E-28,0,0,8,8,1
*,TestCamAnima8,6,1,0.5166667,1,0,0,0,8,8,1
*,TestCamAnima8,6,2,0.5333334,0.9999619,0,0,0,8,8,1
*,TestCamAnima8,6,3,0.55,1,0,0,0,8,8,1
*,TestCamAnima8,6,4,0.5833333,0.9999619,0,0,0,8,8,1
*,TestCamAnima8,6,5,0.6166667,1,0,0,0,8,8,1
*,TestCamAnima8,6,6,0.6833333,1,0,0,0,8,8,1
*,TestCamAnima8,6,7,0.7,1,0,0,0,8,8,1
*,TestCamAnima8,6,8,0.7166667,1,0,0,0,8,8,1
*,TestCamAnima8,6,9,0.7333333,1,0,0,0,8,8,1
*,TestCamAnima8,6,10,0.75,1,0,2.280372E-39,0,8,8,1
*,TestCamAnima9,3,0,0,0,0,0,0,8,8,1.916667
*,TestCamAnima9,3,1,1.916667,0,0,0,0,8,8,1.916667
*,TestCamAnima9,4,0,0,0,0,0,0,8,8,1.916667
*,TestCamAnima9,4,1,1.916667,0,0,0,0,8,8,1.916667
*,TestCamAnima9,5,0,0,0,0,0,0,8,8,1.916667
*,TestCamAnima9,5,1,1.916667,0,0,0,0,8,8,1.916667
*,TestCamAnima9,6,0,0,1,0,0,0,8,8,1.916667
*,TestCamAnima9,6,1,1.916667,1,0,0,0,8,8,1.916667
*,TestCamAnima9,0,0,0,0,0,0,0,8,8,1.916667
*,TestCamAnima9,0,1,0.5000001,0,0,0,0,8,8,1.916667
*,TestCamAnima9,0,2,0.5833333,0,0,0,0,8,8,1.916667
*,TestCamAnima9,0,3,0.6666667,0,0,0,0,8,8,1.916667
*,TestCamAnima9,0,4,1.333333,0,0,0,0,8,8,1.916667
*,TestCamAnima9,0,5,1.416667,0,0,0,0,8,8,1.916667
*,TestCamAnima9,0,6,1.5,0,0,0,0,8,8,1.916667
*,TestCamAnima9,0,7,1.75,0,0,0,0,8,8,1.916667
*,TestCamAnima9,0,8,1.833333,0,0,0,0,8,8,1.916667
*,TestCamAnima9,0,9,1.916667,0,0,0,0,8,8,1.916667
*,TestCamAnima9,1,0,0,0,0,0,0,8,8,1.916667
*,TestCamAnima9,1,1,0.5000001,0,0,0.2524798,0,8,8,1.916667
*,TestCamAnima9,1,2,0.5833333,0.02103996,2.682209E-07,2.682209E-07,0,8,8,1.916667
*,TestCamAnima9,1,3,0.6666667,0,-0.1262396,0,0,8,8,1.916667
*,TestCamAnima9,1,4,1.333333,0,0,0,0,8,8,1.916667
*,TestCamAnima9,1,5,1.416667,0,0,0,0,8,8,1.916667
*,TestCamAnima9,1,6,1.5,0,0,0,0,8,8,1.916667
*,TestCamAnima9,1,7,1.75,0,0,0,0,8,8,1.916667
*,TestCamAnima9,1,8,1.833333,0,0,0,0,8,8,1.916667
*,TestCamAnima9,1,9,1.916667,0,0,0,0,8,8,1.916667
*,TestCamAnima9,2,0,0,-0.002718709,0.005437417,0.005437417,0,8,8,1.916667
*,TestCamAnima9,2,1,0.5000001,0,0.005437417,Infinity,0,8,8,1.916667
*,TestCamAnima9,2,2,0.5833333,0.5,0.1407916,-4.173462,0,8,8,1.916667
*,TestCamAnima9,2,3,0.6666667,-0.002898544,-3.008692,0.004347817,0,8,8,1.916667
*,TestCamAnima9,2,4,1.333333,0,0.004347817,Infinity,0,8,8,1.916667
*,TestCamAnima9,2,5,1.416667,0.5,0.3447163,-6.034788,0,8,8,1.916667
*,TestCamAnima9,2,6,1.5,-0.002898544,-3.017394,0,0,8,8,1.916667
*,TestCamAnima9,2,7,1.75,-0.002898544,0,Infinity,0,8,8,1.916667
*,TestCamAnima9,2,8,1.833333,0.5,8.583069E-06,8.583069E-06,0,8,8,1.916667
*,TestCamAnima9,2,9,1.916667,-0.002898544,-6.034771,-6.034771,0,8,8,1.916667
