,STRING,INT,FLOAT,FLOAT,FLOAT,FLOAT,INT,INT,FLOAT,STRING,INT,STRING
*,SceneID,PointType,PosX,PosY,PosZ,AngleX,AngleY,AngleZ,BlockGroup,BlockIndex,MaxSpeed,ObstacleName
*,11,1,5.411919,0.0601899,129.4043,359.6422,329.5559,0.02471676,,,,MoveBox1
*,11,1,3.964246,0.05926839,129.3591,359.6421,26.94232,0.02769631,,,,MoveBox1
*,11,1,4.689459,0.05863928,129.2059,359.6422,-3.908342E-11,0.02471676,,,,MoveBox1
*,11,1,56.71752,0.8616735,-22.86088,1.511697,355.9843,3.228459,,,,MoveLunTai
*,11,1,56.71752,0.8616735,-22.86088,1.511697,355.9843,3.228459,,,,MoveLunTai
*,11,1,56.71601,1.218835,-22.84455,1.279557,355.9843,3.327212,,,,MoveLunTai
*,11,1,56.71445,1.833663,-22.82769,1.04134,355.9843,3.409201,,,,MoveLunTai
*,11,1,56.71292,1.83327,-22.81111,1.04134,355.9843,3.409201,,,,MoveLunTai
*,11,1,56.71129,2.44822,-22.79342,0.7983071,355.9843,3.474083,,,,MoveLunTai
*,11,1,56.70956,3.063161,-22.77466,0.5517242,355.9843,3.521612,,,,MoveLunTai
*,11,1,56.70782,3.678182,-22.75587,0.3028588,355.9843,3.551643,,,,MoveLunTai
*,11,1,-46.13648,-0.4031324,-200.7484,1.028417,339.1514,359.7311,,,,MoveLuZhang1
*,11,1,-31.35636,-0.1810238,-194.9022,1.676815,339.1513,2.013786,,,,MoveLuZhang1
*,11,1,-27.0276,-0.1295108,-193.4408,2.215594,339.1513,0.9674048,,,,MoveLuZhang1
*,11,1,-23.38491,-0.09101047,-192.8462,2.215594,339.1513,0.9674048,,,,MoveLuZhang1
*,11,1,-19.22804,-0.03580234,-192.3518,2.920629,339.1513,1.110997,,,,MoveLuZhang1
*,11,1,-49.72487,-0.3443784,-203.0973,0.9299608,339.1513,359.6729,,,,MoveLuZhang1
*,11,1,-14.7149,-0.02912854,-191.5334,2.960102,339.1513,0.09726761,,,,MoveLuZhang1
*,11,1,-35.37273,-0.2846429,-196.1336,0.7777819,339.1513,1.679842,,,,MoveLuZhang1
*,11,1,-38.77049,-0.3651732,-197.5153,1.676815,339.1513,2.013786,,,,MoveLuZhang1
*,11,1,-42.18673,-0.4493903,-198.7171,0.7777819,339.1513,1.679842,,,,MoveLuZhang1
*,11,1,232.7766,-0.03861881,240.0242,0,324.4373,0,,,,MoveLuZhang2
*,11,1,234.043,-0.03861854,240.9296,0,324.4373,0,,,,MoveLuZhang2
*,11,1,235.3108,-0.03861827,241.836,0,324.4373,0,,,,MoveLuZhang2
*,11,1,236.5816,-0.03861799,242.7446,0,324.4373,0,,,,MoveLuZhang2
*,11,1,237.8199,-0.03861774,243.6299,0,324.4373,0,,,,MoveLuZhang2
*,11,1,239.0683,-0.03861745,244.5225,0,324.4373,0,,,,MoveLuZhang2
*,11,1,255.9932,0.5704502,171.7064,0,348.1885,0,,,,MoveYouTong1
*,11,1,256.4017,0.5704498,170.0935,0,348.1885,0,,,,MoveYouTong1
*,11,1,256.8275,0.5704492,168.4081,0,348.1885,0,,,,MoveYouTong1
*,11,1,257.1884,0.5704487,166.6682,0,348.1885,0,,,,MoveYouTong1
*,11,1,257.5787,0.5704482,164.9231,0,348.1885,0,,,,MoveYouTong1
*,11,1,255.6872,0.5704507,173.2164,0,348.1884,0,,,,MoveYouTong1
*,11,1,255.4082,0.5704512,174.8736,0,348.1884,0,,,,MoveYouTong1
*,11,1,255.0516,0.5704517,176.5789,0,348.1884,0,,,,MoveYouTong1
*,11,1,254.703,0.5704522,178.2456,0,348.1884,0,,,,MoveYouTong1
*,11,1,254.3444,0.5704527,179.9605,0,348.1884,0,,,,MoveYouTong1
*,11,1,264.2113,-0.03862403,101.0019,0,209.334,0,,,,PoliceCar
*,11,1,249.2558,-0.2637221,-151.8042,0.5374893,94.50121,359.3936,,,,PoliceCar
*,11,1,159.4859,0.7733596,-188.39,357.2488,43.61003,358.4659,,,,PoliceCar
*,11,1,190.6695,-0.2276742,-161.6855,3.114909,153.7415,0.7585446,,,,PoliceCar
*,11,1,277.8537,-0.03866311,93.78812,0,275.9441,0,,,,PoliceCar
*,11,1,198.4189,0.1837859,-167.2314,3.079026,341.0685,0.8883084,,,,PoliceCar
*,11,1,256.9416,0.2630002,97.17642,0.152454,97.47169,358.7825,,,,PoliceCar
*,11,1,149.378,0.7154132,-199.0006,358.4934,98.87125,357.511,,,,PoliceCar
*,11,1,17.23649,0.2197172,102.3013,359.5624,272.9606,1.396032,,,,PoliceCar
*,11,1,49.36544,-0.1417161,21.35875,0.001715044,272.9606,0.1170526,,,,PoliceCar
*,11,1,5.860374,-0.1569312,80.60435,359.9666,94.50124,0.09014507,,,,PoliceCar
*,11,1,-62.22516,-0.05250964,-234.4473,0,235.5565,0,,,,PoliceCar
*,11,1,135.8636,-4.053483,-298.7313,354.3683,98.8712,356.494,,,,PoliceCar
*,11,1,158.8264,-4.411338,-296.2621,351.6421,43.61,359.7502,,,,PoliceCar
*,11,1,-56.76383,-0.1785578,-208.2361,0.8264432,325.2,358.8306,,,,PoliceCar
*,11,1,155.3954,0.6698285,-191.6431,357.1171,168.5667,359.2875,,,,StaticLuZhangChang1
*,11,1,162.8966,0.5988876,-190.1191,357.2488,169.2811,358.4659,,,,StaticLuZhangChang1
*,11,1,193.258,-0.253082,-160.5889,3.114909,76.5272,0.7585447,,,,StaticLuZhangChang1
*,11,1,195.1513,0,-168.2146,3.113586,75.53484,0.7602234,,,,StaticLuZhangChang1
*,11,1,-56.64049,-0.04621317,-237.3331,0,147.3607,0,,,,StaticLuZhangChang1
*,11,1,-63.22408,-0.04744009,-241.7469,0,147.3607,0,,,,StaticLuZhangChang1
*,11,1,96.56846,-0.03861993,236.3434,0,232.4672,0,,,,StaticLuZhangChang1
*,11,1,9.289427,-0.06759094,107.245,359.7992,171.1408,0.03143196,,,,StaticLuZhangChang1
*,11,1,8.053185,-0.1558667,76.50908,359.9666,163.1348,0.09014506,,,,StaticLuZhangChang1
*,11,1,29.64261,-0.141897,53.64406,359.9469,148.1797,0.08021778,,,,StaticLuZhangChang1
*,11,1,44.0988,-0.1518832,20.99657,359.9597,147.592,0.0945555,,,,StaticLuZhangChang1
*,11,1,151.1011,-4.798465,-298.3956,351.685,169.2811,357.8972,,,,StaticLuZhangChang1
*,11,1,143.5998,-4.711282,-299.9196,358.6694,168.5667,358.6647,,,,StaticLuZhangChang1
*,11,1,-49.72029,-0.045885,-232.9007,0,147.3607,0,,,,StaticLuZhangChang1
*,11,1,-70.29323,-0.045885,-246.0776,0,147.3607,0,,,,StaticLuZhangChang1
*,11,1,-155.8894,-0.045885,-93.55094,0,67.05612,0,,,,StaticLuZhangChang1
*,11,1,48.69647,-0.05695508,-5.607062,0.566551,173.71,0.1625244,,,,StaticLuZhangChang1
*,11,1,56.16662,0.2375087,-4.783572,2.476288,173.71,0.3063289,,,,StaticLuZhangChang1
*,11,1,63.23772,0.2328644,-4.004169,2.422752,173.71,0.2035246,,,,StaticLuZhangChang1
*,11,1,271.9858,-0.03866201,97.46449,0,353.8692,0,,,,StaticLuZhangChang2
*,11,1,263.2318,-0.03845293,96.56306,0,353.8692,0,,,,StaticLuZhangChang2
*,11,1,245.7561,-0.07537698,-156.4514,1.862453,263.6436,359.6788,,,,StaticLuZhangChang2
*,11,1,244.5905,-0.3938707,-147.3968,2.061976,262.632,0.2126098,,,,StaticLuZhangChang2
*,11,1,253.2912,0.2,95.4953,0,353.8691,0,,,,StaticLuZhangChang2
*,11,1,282.0467,0.2,98.58402,0,353.8692,0,,,,StaticLuZhangChang2
*,11,1,291.6976,0.2,99.62066,0,353.8692,0,,,,StaticLuZhangChang2
*,11,1,301.0411,0.2,100.6243,0,353.8692,0,,,,StaticLuZhangChang2
*,11,0,-170.7927,1.926395,-100.9214,0,312.3387,0,0,-1,,
*,11,0,-72.69611,-0.06038046,-233.5342,0,333.9387,0,0,0,40,
*,11,0,-125.5308,-0.04392087,-160.3873,0.08288851,326.0487,0.07209048,0,1,30,
*,11,0,-159.2556,-0.0851239,-110.4443,359.8983,129.7387,359.9779,0,2,50,
*,11,2,-31.10475,-0.03863301,173.4519,0,248.5942,0,0,0,0,
*,11,2,-276.5856,-0.03867456,56.04704,0,78.67143,0,0,1,0,
*,11,2,-244.2306,0.1743302,-16.81289,0.08288853,225.3878,0.07209048,0,2,0,
*,206,1,5.411919,0.07625907,129.4043,359.6849,329.5559,0.02932942,,,,MoveBox1
*,206,1,3.964245,0.06649502,129.3591,359.6851,26.94232,0.02933757,,,,MoveBox1
*,206,1,4.689459,1.269686,129.2059,359.6851,-6.513875E-12,0.02964783,,,,MoveBox1
*,206,1,56.71752,0.8618792,-22.86088,1.965695,355.9843,0.04320707,,,,MoveLunTai
*,206,1,56.71752,0.861879,-22.86088,1.965652,355.9843,0.04324341,,,,MoveLunTai
*,206,1,56.71601,1.339588,-22.84455,1.965657,355.9843,0.04323673,,,,MoveLunTai
*,206,1,56.71445,1.832922,-22.82769,1.965657,355.9843,0.04323673,,,,MoveLunTai
*,206,1,56.71292,2.317885,-22.81111,1.965657,355.9843,0.04323673,,,,MoveLunTai
*,206,1,56.71129,2.835331,-22.79342,1.965657,355.9843,0.04323673,,,,MoveLunTai
*,206,1,56.70956,3.384089,-22.77466,1.965657,355.9843,0.04323673,,,,MoveLunTai
*,206,1,56.70782,3.933748,-22.75587,1.965657,355.9843,0.04323673,,,,MoveLunTai
*,206,1,-46.13649,-0.03809121,-200.7484,0,339.1514,0,,,,MoveLuZhang1
*,206,1,-31.35636,-0.038091,-194.9022,0,339.1513,0,,,,MoveLuZhang1
*,206,1,-27.0276,-0.038091,-193.4408,0,339.1513,0,,,,MoveLuZhang1
*,206,1,-23.38491,-0.038091,-192.8462,0,339.1513,0,,,,MoveLuZhang1
*,206,1,-19.22804,-0.038091,-192.3518,0,339.1513,0,,,,MoveLuZhang1
*,206,1,-49.72487,-0.038091,-203.0973,0,339.1513,0,,,,MoveLuZhang1
*,206,1,-14.7149,-0.038091,-191.5334,0,339.1513,0,,,,MoveLuZhang1
*,206,1,-35.37273,-0.038091,-196.1336,0,339.1513,0,,,,MoveLuZhang1
*,206,1,-38.77049,-0.038091,-197.5153,0,339.1513,0,,,,MoveLuZhang1
*,206,1,-42.18673,-0.038091,-198.7171,0,339.1513,0,,,,MoveLuZhang1
*,206,1,232.7766,-0.03808806,240.0242,0,324.4373,0,,,,MoveLuZhang2
*,206,1,234.043,-0.038088,240.9296,0,324.4373,0,,,,MoveLuZhang2
*,206,1,235.3108,-0.038088,241.836,0,324.4373,0,,,,MoveLuZhang2
*,206,1,236.5816,-0.038088,242.7446,0,324.4373,0,,,,MoveLuZhang2
*,206,1,237.8199,-0.038088,243.6299,0,324.4373,0,,,,MoveLuZhang2
*,206,1,239.0683,-0.038088,244.5225,0,324.4373,0,,,,MoveLuZhang2
*,206,1,255.9932,0.5709925,171.7064,0,348.1885,0,,,,MoveYouTong1
*,206,1,256.4017,0.5709926,170.0935,0,348.1885,0,,,,MoveYouTong1
*,206,1,256.8275,0.5709926,168.4081,0,348.1885,0,,,,MoveYouTong1
*,206,1,257.1884,0.5709927,166.6682,0,348.1885,0,,,,MoveYouTong1
*,206,1,257.5787,0.5709927,164.9231,0,348.1885,0,,,,MoveYouTong1
*,206,1,255.6872,0.5709925,173.2164,0,348.1884,0,,,,MoveYouTong1
*,206,1,255.4082,0.5709924,174.8736,0,348.1884,0,,,,MoveYouTong1
*,206,1,255.0516,0.5709924,176.5789,0,348.1884,0,,,,MoveYouTong1
*,206,1,254.703,0.5709923,178.2456,0,348.1884,0,,,,MoveYouTong1
*,206,1,254.3444,0.5709922,179.9605,0,348.1884,0,,,,MoveYouTong1
*,206,1,-67.02931,0.3139037,-250.7946,0,43.61003,0,,,,PoliceCar
*,206,1,264.2113,0.516996,101.002,0,209.3339,0,,,,PoliceCar
*,206,1,249.2558,-0.2132316,-151.8042,0,94.50121,0,,,,PoliceCar
*,206,1,159.4859,0.9381582,-188.39,0,43.61003,0,,,,PoliceCar
*,206,1,190.6695,0.3378672,-161.6855,0,153.7415,0,,,,PoliceCar
*,206,1,277.8537,0.2551659,93.78811,0,275.9441,0,,,,PoliceCar
*,206,1,-174.9802,0.081901,-92.3641,0,82.29607,0,,,,PoliceCar
*,206,1,198.419,0.07687849,-167.2314,0,341.0685,0,,,,PoliceCar
*,206,1,-56.52015,0.08190119,169.9172,0,151.2939,0,,,,PoliceCar
*,206,1,-52.31318,0.6953158,161.455,0,336.787,0,,,,PoliceCar
*,206,1,-163.5112,0.162435,-96.37006,0,221.2551,0,,,,PoliceCar
*,206,1,256.9416,0.5169964,97.17642,0,97.47169,0,,,,PoliceCar
*,206,1,149.378,0.938158,-199.0006,0,98.87123,0,,,,PoliceCar
*,206,1,17.23649,0.2325946,102.3013,0,272.9606,0,,,,PoliceCar
*,206,1,49.36544,0.4911428,21.35875,0,272.9606,0,,,,PoliceCar
*,206,1,5.860373,-0.100624,80.60435,0,94.50124,0,,,,PoliceCar
*,206,1,-62.22516,0.162435,-234.4473,0,235.5565,0,,,,PoliceCar
*,206,1,155.3954,0.6701252,-191.6431,357.118,168.5667,359.2868,,,,StaticLuZhangChang1
*,206,1,162.8966,0.5991024,-190.1191,357.2496,169.2811,358.4657,,,,StaticLuZhangChang1
*,206,1,-50.2886,-0.03807286,167.4257,0,247.3581,0,,,,StaticLuZhangChang1
*,206,1,-53.43824,-0.03807228,175.5023,0,248.7087,0,,,,StaticLuZhangChang1
*,206,1,193.258,-0.2528016,-160.5889,3.114108,76.5272,0.7584778,,,,StaticLuZhangChang1
*,206,1,195.1513,0,-168.2146,3.113586,75.53484,0.7602234,,,,StaticLuZhangChang1
*,206,1,-56.6405,-0.04588536,-237.3331,0,147.3607,0,,,,StaticLuZhangChang1
*,206,1,-63.22408,-0.04704469,-241.7469,0,147.3607,0,,,,StaticLuZhangChang1
*,206,1,-169.376,-0.045885,-92.8769,0,320.7418,0,,,,StaticLuZhangChang1
*,206,1,-175.839,-0.045885,-98.15891,0,320.7418,0,,,,StaticLuZhangChang1
*,206,1,96.56844,0.1686454,236.3434,359.3725,232.4672,357.0982,,,,StaticLuZhangChang1
*,206,1,9.289428,-0.038073,107.245,0,171.1408,0,,,,StaticLuZhangChang1
*,206,1,8.053185,-0.038073,76.50908,0,163.1348,0,,,,StaticLuZhangChang1
*,206,1,29.64262,-0.038073,53.64406,0,148.1797,0,,,,StaticLuZhangChang1
*,206,1,44.0988,-0.038073,20.99657,0,147.592,0,,,,StaticLuZhangChang1
*,206,1,271.9858,-0.03810892,97.4645,0,353.8692,0,,,,StaticLuZhangChang2
*,206,1,263.2318,-0.03791957,96.56306,0,353.8692,0,,,,StaticLuZhangChang2
*,206,1,245.7561,-0.07512078,-156.4514,1.863374,263.6436,359.6779,,,,StaticLuZhangChang2
*,206,1,244.5905,-0.3936566,-147.3968,2.062433,262.632,0.2136673,,,,StaticLuZhangChang2
*,206,1,252.4989,2.483025,179.6674,0,68.97066,0,,,,TY_jianTouZhiShi
*,206,1,254.7332,2.483025,173.8556,0,68.97066,0,,,,TY_jianTouZhiShi
*,206,1,258.7672,2.483025,163.3629,0,68.97066,0,,,,TY_jianTouZhiShi
*,206,1,256.8275,2.483025,168.4081,0,68.97066,0,,,,TY_jianTouZhiShi
*,206,0,39.93454,1.926395,209.5834,0,247.9778,0,0,-1,,
*,206,0,-47.98397,-0.03807163,180.6605,0,82.96284,0,0,0,120,
*,206,0,-20.44677,-0.03676045,184.9395,0,126.3057,0,0,1,90,
*,206,0,0.2204742,0.01722312,169.1322,0.4140607,181.901,0.163239,0,2,60,
*,206,0,4.031231,0.1134017,138.6683,359.7714,193.3061,359.9162,0,3,30,
*,206,0,-2.160397,0.1038642,137.1307,359.7651,95.05787,0.03312121,0,4,0,
*,206,3,60.88991,1.926395,218.0594,0,247.9778,0,1,-1,,
*,206,0,6.006489,-0.03807199,135.7403,0,356.9978,0,1,0,20,
*,206,0,1.419762,-0.03676081,175.7178,0,126.3057,0,1,1,15,
*,206,0,3.649208,0.1517106,188.7334,0.4140607,181.901,0.163239,1,2,15,
*,206,0,20.3168,-0.1309887,198.5361,359.7714,193.3061,359.9162,1,3,20,
*,206,0,49.39892,0.2429758,210.5515,359.7651,95.05782,0.03312119,1,4,20,
*,206,4,67.30446,1.926395,220.6539,0,247.9778,0,2,-1,,
*,206,0,4.370522,-0.03807199,164.0952,0,0.2406949,0,2,0,30,
*,206,0,7.617638,-0.03676081,195.0606,0,126.3057,0,2,1,10,
*,206,0,20.28316,0.2349814,206.0414,0.4140607,181.901,0.163239,2,2,0,
*,206,0,151.7985,2.333286,-153.1213,0,169.3555,0,3,-1,,
*,206,0,190.0076,0.3332863,-167.4964,3.178391,255.2656,359.6086,3,0,120,
*,206,0,152.5541,0.3332863,-178.7125,3.19896,270.8138,359.8429,3,1,90,
*,206,0,101.8382,0.3332863,-184.5417,2.958526,300.6469,0.2424622,3,2,60,
*,206,0,84.13715,0.3332887,-184.0856,2.911869,281.6571,359.4559,3,3,30,
*,206,0,72.55299,0.3332863,-182.9288,2.930481,346.9879,0.4325257,3,4,0,
*,206,0,-141.2141,2.297779,-132.3169,0,317.5128,0,4,-1,,
*,206,0,-171.9716,0.3721299,-105.6089,359.9373,87.44743,359.9314,4,0,120,
*,206,0,-151.3279,-0.06222105,-109.6608,359.8635,58.27047,0.03735776,4,1,20,
*,206,0,-135.4269,2.254453,-97.40738,354.774,51.11689,5.923602,4,2,60,
*,206,0,-117.3262,6.452964,-82.70715,356.8566,48.65867,2.06606,4,3,30,
*,206,0,-101.2908,9.545566,-67.56284,7.27049,67.3128,4.567169,4,4,0,
*,206,0,235.98,2.617653,69.49324,0,82.01125,0,5,-1,,
*,206,0,273.2487,0.5928688,91.01017,0,175.5532,0,5,0,120,
*,206,0,273.4994,0.5928688,75.64494,0,145.4953,0,5,1,90,
*,206,0,281.8435,0.5928688,29.54673,0,176.1146,0,5,2,60,
*,206,0,283.7489,0.5928688,-17.15549,0,190.1155,0,5,3,30,
*,206,0,282.4606,0.5928688,-28.30554,0,231.9616,0,5,4,0,
*,206,0,283.3292,2.441093,-113.1921,0,175.3133,0,6,-1,,
*,206,0,289.6692,0.02292085,-119.5358,359.8487,180.9529,1.863881,6,0,120,
*,206,0,289.0878,-0.02419615,-166.672,359.8275,190.1046,1.865344,6,1,90,
*,206,0,288.8698,-0.1398988,-193.4059,359.7029,193.3923,1.864504,6,2,60,
*,206,0,275.8543,-0.8605614,-223.537,359.3125,247.2689,1.891317,6,3,0,
*,206,0,286.4536,-0.44946,-218.4489,359.3125,218.6197,1.891418,6,4,30,
*,206,0,281.9582,2.471733,-114.1442,0,177.2002,0,7,-1,,
*,206,0,256.0008,0.04322815,-148.8621,2.071136,87.60662,359.4347,7,0,20,
*,206,0,276.6251,-0.3783212,-152.8913,359.8499,165.9027,1.801532,7,1,20,
*,206,0,279.2305,-0.3980937,-182.7285,359.7016,186.1848,1.86359,7,2,60,
*,206,0,278.2057,-0.7213638,-218.4102,359.3125,184.5388,1.891317,7,3,30,
*,206,0,285.5006,-0.7544372,-236.3865,358.9978,147.0928,1.935546,7,4,0,
*,206,2,267.444,-0.03810083,137.2978,0,349.5808,0,0,0,0,
*,206,2,25.23454,-0.03807455,202.8091,0,225.3877,0,0,1,0,
*,206,2,143.0143,-0.2631783,-129.8353,359.4329,225.0318,0.4053714,0,2,0,
*,206,2,-131.7099,-0.07855283,-141.4685,0.08130878,22.46521,0.07326829,0,3,0,
*,206,2,275.896,-0.03811615,33.85214,0,171.929,0,0,4,0,
*,206,2,180.1995,-5.805501,-312.2836,358.5881,134.6308,359.5216,0,5,0,
*,211,1,237.2618,1.576903,253.1779,2.035555E-13,226.5,180,,,,daoJu_daoLuZhiShi
*,211,1,221.1598,1.576903,264.507,0,203.7,180,,,,daoJu_daoLuZhiShi
*,211,1,202.0461,1.576903,268.5321,-1.590277E-15,180.6,180,,,,daoJu_daoLuZhiShi
*,211,1,182.1231,1.576903,267.842,-1.272222E-14,175.5,180,,,,daoJu_daoLuZhiShi
*,211,1,-290.2508,1.362733,48.5842,0,91.7616,180,,,,daoJu_daoLuZhiShi
*,211,1,-286.307,1.362733,67.91101,-2.035555E-13,111.4,180,,,,daoJu_daoLuZhiShi
*,211,1,-287.2096,1.362733,29.22235,0,70.5,180,,,,daoJu_daoLuZhiShi
*,211,1,-279.0085,1.362733,11.07314,-2.035555E-13,60.5,180,,,,daoJu_daoLuZhiShi
*,211,1,-145.3991,1.362731,-123.6203,-1.025216E-06,301.9894,180,,,,daoJu_daoLuZhiShi
*,211,1,286.4203,1.362733,70.01788,-2.534142E-07,81.60005,180,,,,daoJu_daoLuZhiShi
*,211,1,258.7492,1.362732,90.96793,0,357.3679,180,,,,daoJu_daoLuZhiShi
*,211,1,12.52543,1.576903,172.3786,0,158.7899,180,,,,daoJu_daoLuZhiShi
*,211,1,-6.086809,1.576903,165.1556,0,158.7899,180,,,,daoJu_daoLuZhiShi
*,211,1,-24.14391,1.576903,156.7333,0,151.1847,180,,,,daoJu_daoLuZhiShi
*,211,1,-40.5171,1.576903,145.5371,0,140.2518,180,,,,daoJu_daoLuZhiShi
*,211,1,29.61241,1.576903,182.3109,0,140.7428,180,,,,daoJu_daoLuZhiShi
*,211,1,-157.6318,1.362732,-129.0178,0,23.16346,180,,,,daoJu_daoLuZhiShi
*,211,1,-173.0814,1.362732,-117.3443,0,51.24849,180,,,,daoJu_daoLuZhiShi
*,211,1,-276.7221,1.362733,85.2033,0,126.5515,180,,,,daoJu_daoLuZhiShi
*,211,1,-262.8013,1.362733,99.28178,0,142.8111,180,,,,daoJu_daoLuZhiShi
*,211,1,276.8305,1.362732,85.68801,0,35.25387,180,,,,daoJu_daoLuZhiShi
*,211,1,-200.8231,-0.03810973,-59.2008,0,339.1513,0,,,,MoveLuZhang1
*,211,1,-204.4114,-0.03811043,-61.54967,0,339.1513,0,,,,MoveLuZhang1
*,211,1,45.1909,14.24653,-29.62545,0.8320462,358.6795,0.4059615,,,,MoveLuZhang1
*,211,1,45.1909,14.21204,-27.2508,0.8320463,359.037,0.4059615,,,,MoveLuZhang1
*,211,1,45.1909,14.17773,-24.88852,0.8320463,359.037,0.4059615,,,,MoveLuZhang1
*,211,1,232.7766,-0.03861883,240.0242,0,324.4373,0,,,,MoveLuZhang2
*,211,1,237.8199,-0.03861772,243.6299,0,324.4373,0,,,,MoveLuZhang2
*,211,1,239.0683,-0.03861745,244.5225,0,324.4373,0,,,,MoveLuZhang2
*,211,1,234.043,-0.03861854,240.9296,0,324.4373,0,,,,MoveLuZhang2
*,211,1,235.3108,-0.03861826,241.836,0,324.4373,0,,,,MoveLuZhang2
*,211,1,236.5816,-0.03861799,242.7446,0,324.4373,0,,,,MoveLuZhang2
*,211,1,186.9151,-0.03861561,250.6212,0,255.1797,0,,,,MoveLuZhang2
*,211,1,186.5169,-0.03861514,252.1263,0,255.1797,0,,,,MoveLuZhang2
*,211,1,186.1182,-0.03861471,253.6329,0,255.1797,0,,,,MoveLuZhang2
*,211,1,185.7187,-0.03861424,255.1431,0,255.1797,0,,,,MoveLuZhang2
*,211,1,185.3292,-0.03861377,256.6148,0,255.1797,0,,,,MoveLuZhang2
*,211,1,-197.7924,-0.03811043,-61.5098,0,45.02003,0,,,,PoliceCar
*,211,1,-153.1904,-0.09829687,-124.5467,0,276.2304,0,,,,PoliceCar
*,211,1,-14.61485,13.07897,-19.83543,1.645892,308.0012,1.611633,,,,PoliceCar
*,211,1,282.1518,-0.03869619,-15.38207,0,312.6212,0,,,,PoliceCar
*,211,1,277.0543,-0.0388807,72.39032,0,218.9583,0,,,,PoliceCar
*,211,1,-19.21122,0.1456156,154.6587,359.9277,335.6066,357.467,,,,StaticLuZhangChang1
*,211,1,-11.51043,0.03649616,158.5855,358.8615,335.6262,359.2364,,,,StaticLuZhangChang1
*,211,1,5.795931,-0.1114955,165.2236,0.1048068,341.1942,0.007154723,,,,StaticLuZhangChang1
*,211,1,-230.689,-0.03810603,-47.05481,0,314.9,0,,,,StaticLuZhangChang1
*,211,1,-144.0992,-0.09482587,-136.7556,0,133.2717,0,,,,StaticLuZhangChang1
*,211,1,-134.5955,-0.09277948,-127.1879,0,133.2717,0,,,,StaticLuZhangChang1
*,211,1,-140.8596,-0.0953837,-130.5109,0,133.2717,0,,,,StaticLuZhangChang1
*,211,1,279.8917,0.3013427,95.46732,359.7902,357.432,1.700879,,,,StaticLuZhangChang1
*,211,1,264.6268,-0.03845941,94.63072,0,357.4319,0,,,,StaticLuZhangChang1
*,211,1,256.2584,0.2871242,93.56848,0.1524539,357.4319,358.7825,,,,StaticLuZhangChang1
*,211,1,272.4406,-0.03866278,94.87752,0,357.4319,0,,,,StaticLuZhangChang1
*,211,1,248.618,0.3468494,93.9678,0.01086693,357.432,0.1335841,,,,StaticLuZhangChang1
*,211,1,287.4809,0.4082673,95.80771,0,357.432,0,,,,StaticLuZhangChang1
*,211,1,295.9568,0.4158789,96.18786,0,357.432,0,,,,StaticLuZhangChang1
*,211,1,13.21354,0.2513735,167.6999,359.5224,342.1767,0.4987115,,,,StaticLuZhangChang1
*,211,1,21.45855,0.3498658,170.3516,359.4956,342.1765,0.5428038,,,,StaticLuZhangChang1
*,211,1,-40.20135,0.3096852,141.9323,0.4135159,330.8701,0.6568901,,,,StaticLuZhangChang1
*,211,1,-26.42243,0.5409905,150.9907,0.7203726,325.3278,0.2890678,,,,StaticLuZhangChang1
*,211,1,-149.7565,0.2714416,-141.8217,1.184774,133.2718,358.7523,,,,StaticLuZhangChang1
*,211,1,-3.114111,-0.07086039,162.1898,359.5991,341.1974,359.801,,,,StaticLuZhangChang1
*,211,1,-33.37089,0.5443091,146.4156,0.7228475,328.5447,0.5839946,,,,StaticLuZhangChang1
*,211,0,61.98041,1.926395,217.1776,0,247.9778,0,0,-1,,
*,211,0,-128.7785,0.7811475,112.7422,0.6505069,43.23305,359.2146,0,0,60,
*,211,0,-94.6185,-0.03864622,149.6673,0,58.29297,0,0,1,50,
*,211,0,-32.74024,-0.03805852,184.8447,0,65.47948,0,0,2,40,
*,211,0,2.397331,-0.0386312,199.5861,0,108.1674,0,0,3,20,
*,211,0,34.69784,0.3478744,191.0797,1.13913,95.05795,0.4633273,0,4,0,
*,211,0,-81.1797,1.926395,159.4442,0,247.9778,0,1,-1,,
*,211,0,-283.0861,-0.03867841,43.26943,0,6.077766,0,1,0,90,
*,211,0,-279.0154,-0.0386734,60.37389,0,38.57778,0,1,1,60,
*,211,0,-265.171,-0.03866816,77.20868,0,50.37776,0,1,2,30,
*,211,0,-246.5223,-0.03866386,91.75028,0,65.77778,0,1,3,90,
*,211,0,-145.0753,-0.03865135,132.5328,0,75.97778,0,1,4,90,
*,211,0,132.0855,14.21125,-1.056427,0,247.9778,0,2,-1,,
*,211,0,262.6252,-0.03597164,71.15005,0,263.7778,0,2,0,60,
*,211,0,213.4752,3.662926,56.38384,1.088147,245.3278,354.6052,2,1,60,
*,211,0,181.8988,7.382224,34.36234,359.9717,231.8778,353.4479,2,2,60,
*,211,0,139.0112,11.8674,2.202502,1.464788,251.0778,357.0787,2,3,30,
*,211,0,68.18872,14.30769,-22.63475,0.7913682,95.05795,0.3885919,2,4,0,
*,211,2,265.1108,-0.03865559,118.6399,0,349.5808,0,0,0,0,
*,211,2,25.3707,-0.03863005,202.972,0,225.3877,0,0,1,0,
*,211,2,-278.4938,-0.03867651,49.59538,0,225.0317,0,0,2,0,
*,211,2,-153.1502,-0.08514559,-112.3043,359.8886,22.46522,0.05655735,0,3,0,
*,211,2,270.4735,-0.03943708,65.45006,0,171.929,0,0,4,0,
*,211,2,284.23,-0.1026226,-140.2756,359.831,134.6308,1.865801,0,5,0,
*,212,1,176.0256,1.792953,265.2173,1.017778E-13,170,-1.001791E-05,,,,daoJu_daoLuZhiShi
*,212,1,214.8025,1.792953,263.1171,0,199.6,0,,,,daoJu_daoLuZhiShi
*,212,1,195.4534,1.792953,266.6451,0,181,0,,,,daoJu_daoLuZhiShi
*,212,1,231.8756,1.792953,253.4608,0,220.2,0,,,,daoJu_daoLuZhiShi
*,212,1,244.2023,1.792953,238.3091,0,242,0,,,,daoJu_daoLuZhiShi
*,212,1,251.8444,1.792953,220.3835,0,251.7,0,,,,daoJu_daoLuZhiShi
*,212,1,272.9306,1.792953,62.67212,0,0.8615722,0,,,,daoJu_daoLuZhiShi
*,212,1,-163.4058,1.792953,-118.7531,0,248.821,0,,,,daoJu_daoLuZhiShi
*,212,1,-154.2947,1.792953,-136.4015,0,236.5286,0,,,,daoJu_daoLuZhiShi
*,212,1,-62.73259,1.792953,-234.291,0,157.6121,0,,,,daoJu_daoLuZhiShi
*,212,1,139.2317,1.792953,-199.5039,0,178.399,0,,,,daoJu_daoLuZhiShi
*,212,1,157.906,1.792953,-195.4575,0,158.19,0,,,,daoJu_daoLuZhiShi
*,212,1,170.3,1.792953,-182.459,0,109.1184,0,,,,daoJu_daoLuZhiShi
*,212,1,172.0888,1.792953,-163.8079,0,81.67156,0,,,,daoJu_daoLuZhiShi
*,212,1,168.7985,1.792953,-145.6209,0,78.22634,0,,,,daoJu_daoLuZhiShi
*,212,1,291.7598,1.792953,67.2092,0,332.0585,0,,,,daoJu_daoLuZhiShi
*,212,1,301.9334,1.792953,81.67844,0,277.8687,0,,,,daoJu_daoLuZhiShi
*,212,1,-159.0098,1.792953,-103.4139,0,322.7725,0,,,,daoJu_daoLuZhiShi
*,212,1,-78.22496,1.792953,-230.3289,0,231.0463,0,,,,daoJu_daoLuZhiShi
*,212,1,-45.38393,1.792953,-224.7091,0,144.6424,0,,,,daoJu_daoLuZhiShi
*,212,1,248.0134,-0.03862453,221.1469,0,260.2631,0,,,,MoveLuZhang1
*,212,1,244.9027,-0.03862482,220.1964,0,260.2631,0,,,,MoveLuZhang1
*,212,1,241.3063,-0.03862501,219.5795,0,260.3285,0,,,,MoveLuZhang1
*,212,1,249.4982,0.2455308,73.4658,2.979193,172.6897,356.2873,,,,MoveLuZhang1
*,212,1,250.7804,0.342429,66.69831,0.4782754,172.7551,356.181,,,,MoveLuZhang1
*,212,1,250.3162,0.3431334,70.3176,0.4782754,172.6897,356.181,,,,MoveLuZhang1
*,212,1,181.8209,7.390571,33.15675,359.9717,145.4489,353.4479,,,,MoveLuZhang1
*,212,1,183.8894,7.1515,30.15288,359.9717,145.5143,353.4479,,,,MoveLuZhang1
*,212,1,179.6549,7.573474,35.57731,1.30102,145.4578,354.5749,,,,MoveLuZhang1
*,212,1,179.805,-0.03861152,264.0446,0,167.2631,0,,,,MoveLuZhang1
*,212,1,180.4597,-0.03861242,261.1481,0,167.2631,0,,,,MoveLuZhang1
*,212,1,181.0706,-0.03861324,258.446,0,167.2631,0,,,,MoveLuZhang1
*,212,1,181.7747,-0.03861418,255.3309,0,167.2631,0,,,,MoveLuZhang1
*,212,1,182.3957,-0.03861501,252.5836,0,167.2631,0,,,,MoveLuZhang1
*,212,1,183.0207,-0.03861585,249.8185,0,167.2631,0,,,,MoveLuZhang1
*,212,1,-47.40992,-0.386502,-201.3419,1.028417,146.353,359.7311,,,,MoveLuZhang1
*,212,1,-41.4817,-0.4268992,-198.6625,1.676815,146.353,2.013786,,,,MoveLuZhang1
*,212,1,-37.85397,-0.3339814,-197.4799,1.676815,146.353,2.013786,,,,MoveLuZhang1
*,212,1,-44.6246,-0.4243151,-199.9637,1.028417,146.353,359.7311,,,,MoveLuZhang1
*,212,1,-34.74578,-0.2602161,-196.2672,1.676815,146.353,2.013786,,,,MoveLuZhang1
*,212,1,-31.59522,-0.1907536,-194.8567,1.676815,146.353,2.013786,,,,MoveLuZhang1
*,212,1,125.7057,-0.1594104,-151.8227,359.3274,116.4995,359.7879,,,,MoveLuZhang1
*,212,1,128.5725,-0.1868032,-153.252,359.3274,116.4995,359.7879,,,,MoveLuZhang1
*,212,1,131.2674,-0.2125552,-154.5956,359.3274,116.4995,359.7879,,,,MoveLuZhang1
*,212,1,133.9097,-0.2378039,-155.913,359.3274,116.4995,359.7879,,,,MoveLuZhang1
*,212,1,136.9142,-0.2665136,-157.411,359.3274,116.4995,359.7879,,,,MoveLuZhang1
*,212,1,255.2929,-0.04093052,146.5273,0,350.0416,0,,,,MoveLuZhang2
*,212,1,253.4113,-0.04092465,146.197,0,350.0416,0,,,,MoveLuZhang2
*,212,1,257.2066,-0.04035448,146.8633,0,350.0416,0,,,,MoveLuZhang2
*,212,1,259.1077,-0.03942472,147.1971,0,350.0416,0,,,,MoveLuZhang2
*,212,1,37.12656,0.05744381,-190.4335,2.92989,262.0263,0.4324848,,,,MoveLuZhang2
*,212,1,37.39843,0.1588414,-192.3746,2.92989,262.0263,0.4324848,,,,MoveLuZhang2
*,212,1,37.67091,0.2605654,-194.3198,2.933427,262.0263,0.4329232,,,,MoveLuZhang2
*,212,1,37.93516,0.3592345,-196.2063,2.933427,262.0263,0.4329232,,,,MoveLuZhang2
*,212,1,48.12598,-0.09860597,-1.553628,0.5644088,168.1218,0.1649931,,,,MoveLuZhang2
*,212,1,49.96592,-0.09701268,-1.177517,0.5644088,347.1702,0.1649931,,,,MoveLuZhang2
*,212,1,51.87103,-0.09558328,-0.7657153,0.5644088,168.1218,0.1649931,,,,MoveLuZhang2
*,212,1,53.71097,-0.006765731,-0.3896055,2.149291,347.1703,3.265095,,,,MoveLuZhang2
*,212,1,275.3053,-0.03920693,70.22208,0,295.2611,0,,,,PoliceCar
*,212,1,-151.8575,-0.09916335,-125.5202,0,81.05328,0,,,,PoliceCar
*,212,1,-156.0821,-0.09099071,-113.8218,359.8886,358.2122,0.05655735,,,,PoliceCar
*,212,1,-61.31385,-0.05850411,-213.8591,0,341.6293,0,,,,PoliceCar
*,212,1,153.0795,10.66301,5.356928,0.784483,353.3,354.2632,,,,PoliceCar
*,212,1,153.8292,1.2908,10.33754,1.310214,109.8637,359.0141,,,,PoliceCar
*,212,1,200.3224,-0.03861234,261.4179,0,342.1945,0,,,,PoliceCar
*,212,1,-8.545927,0.09621938,164.8354,0.9215932,168.5667,0.3719361,,,,StaticLuZhangChang1
*,212,1,-1.418256,0.05576557,166.2779,0.5913618,168.5667,359.5681,,,,StaticLuZhangChang1
*,212,1,5.342262,0.01070837,167.6462,0.1441477,168.5667,359.394,,,,StaticLuZhangChang1
*,212,1,-22.37186,-0.03760519,187.8459,0,243.6524,0,,,,StaticLuZhangChang1
*,212,1,-19.25683,-0.03689157,181.5554,0,243.647,0,,,,StaticLuZhangChang1
*,212,1,-16.11475,0.2485017,175.2104,1.733105,243.6524,0.5667757,,,,StaticLuZhangChang1
*,212,1,11.91744,0.2507436,168.9776,359.5224,168.5667,0.4987115,,,,StaticLuZhangChang1
*,212,1,263.4574,-0.03660703,60.2789,0,0.9822785,0,,,,StaticLuZhangChang1
*,212,1,277.6962,-0.03986282,60.03474,0,0.9768765,0,,,,StaticLuZhangChang1
*,212,1,284.8979,-0.03812297,59.91046,0,0.9822785,0,,,,StaticLuZhangChang1
*,212,1,-168.0894,-0.07241941,-107.0496,359.9297,146.6776,359.9368,,,,StaticLuZhangChang1
*,212,1,-161.8598,-0.07082278,-102.954,359.8983,146.6722,359.9779,,,,StaticLuZhangChang1
*,212,1,-155.4388,-0.05517373,-98.73361,359.8631,146.6776,0.01200698,,,,StaticLuZhangChang1
*,212,1,99.26134,-0.03861941,238.1355,0,243.6469,0,,,,StaticLuZhangChang1
*,212,1,147.6511,-0.03861766,243.8341,0,243.6469,0,,,,StaticLuZhangChang1
*,212,1,-24.12258,12.83782,-20.61642,1.254797,84.5004,1.410877,,,,StaticLuZhangChang1
*,212,1,15.83993,13.79229,-18.92165,0.7651263,84.50001,1.213538,,,,StaticLuZhangChang1
*,212,1,74.13189,14.26613,-24.57542,0.9027462,74.24857,359.0407,,,,StaticLuZhangChang1
*,212,1,-55.65409,-0.04785571,-233.9643,0,328.8543,0,,,,StaticLuZhangChang1
*,212,1,-62.64463,-0.04999942,-238.1888,0,328.8488,0,,,,StaticLuZhangChang1
*,212,1,-69.8493,0.2335014,-242.5419,1.032521,328.8542,358.5433,,,,StaticLuZhangChang1
*,212,1,-25.44696,-0.037422,194.0549,0,243.6524,0,,,,StaticLuZhangChang1
*,212,1,-28.59209,0.4069395,200.4052,0,243.6524,0,,,,StaticLuZhangChang1
*,212,1,255.8264,-0.036663,59.25367,0,354.13,0,,,,StaticLuZhangChang1
*,212,1,291.9648,-0.038123,59.7893,0,0.9822912,0,,,,StaticLuZhangChang1
*,212,1,299.222,-0.038123,59.66486,0,0.9822912,0,,,,StaticLuZhangChang1
*,212,1,303.1793,-0.038123,54.75919,0,51.34,0,,,,StaticLuZhangChang1
*,212,1,-174.6919,-0.0729656,-111.3904,359.9308,146.6776,359.9381,,,,StaticLuZhangChang1
*,212,1,-48.93859,-0.047485,-229.9059,0,328.8542,0,,,,StaticLuZhangChang1
*,212,1,-13.22083,0.333517,169.3672,1.186322,243.6524,359.1609,,,,StaticLuZhangChang1
*,212,1,18.49711,0.3214226,170.3077,359.4956,168.5667,0.5428037,,,,StaticLuZhangChang1
*,212,1,22.77208,0.3519579,169.1757,359.4956,168.5667,0.5428037,,,,StaticLuZhangChang1
*,212,1,270.5996,-0.04011237,60.15576,0,0.9769116,0,,,,StaticLuZhangChang1
*,212,1,175.7153,0.8768829,-179.3582,5.075586,108.6931,0.9668836,,,,StaticLuZhangChang1
*,212,1,175.6583,0.1324333,-171.4921,3.161829,83.78337,0.539021,,,,StaticLuZhangChang1
*,212,1,174.8502,-0.2867979,-164.013,3.162993,83.78365,0.5273507,,,,StaticLuZhangChang1
*,212,1,173.965,-0.3443538,-156.4571,1.160884,83.73657,0.08121239,,,,StaticLuZhangChang1
*,212,1,173.3627,-0.2829615,-148.9845,359.1508,90.1921,359.7357,,,,StaticLuZhangChang1
*,212,1,172.0538,0.02652583,-140.6877,356.6782,77.96443,355.2084,,,,StaticLuZhangChang1
*,212,1,171.4561,1.015308,-186.2718,357.7946,111.7282,1.563494,,,,StaticLuZhangChang1
*,212,1,168.4483,0.402474,-193.7624,358.1099,155.1032,359.5262,,,,StaticLuZhangChang1
*,212,1,160.8235,0.3491276,-197.2892,358.1099,336.4629,359.5262,,,,StaticLuZhangChang1
*,212,1,145.5209,0.7583599,-201.5442,358.1703,344.7894,359.1795,,,,StaticLuZhangChang1
*,212,1,137.3159,0.8183222,-201.5681,358.8743,1.442752,359.7298,,,,StaticLuZhangChang1
*,212,1,128.0451,0.8509039,-201.4986,358.987,6.617488,359.8752,,,,StaticLuZhangChang1
*,212,1,153.2448,0.312744,-200.2931,358.1108,344.7894,359.5256,,,,StaticLuZhangChang1
*,212,1,116.1768,-0.02561282,-110.7063,0.07454209,310.0109,359.9524,,,,StaticLuZhangChang1
*,212,1,48.08613,-0.1400419,28.75255,359.9614,321.6178,0.09457255,,,,StaticLuZhangChang1
*,212,1,77.21896,0.1934645,-187.1786,2.933418,260.3127,0.4329809,,,,StaticLuZhangChang2
*,212,1,-110.2678,-0.03476209,-172.8755,359.9231,324.7979,359.9419,,,,StaticLuZhangChang2
*,212,1,61.75525,0.7105428,-44.89627,356.719,181.2265,0.2821112,,,,StaticLuZhangChang2
*,212,0,-50.15398,1.408498,-207.9327,1.488625,54.99097,359.9061,0,-1,,
*,212,0,164.3099,0.3186877,-140.0169,359.8782,189.6264,359.3127,0,0,60,
*,212,0,159.6019,-0.1670353,-166.9729,3.249283,236.2107,359.8637,0,1,20,
*,212,0,131.916,0.2281753,-180.8967,2.96231,288.879,0.1412347,0,2,30,
*,212,0,77.19911,-0.2927113,-167.5691,359.3175,262.609,359.9003,0,3,60,
*,212,0,-33.03014,-0.3374425,-191.0441,2.053896,263.9321,1.37161,0,4,30,
*,212,0,121.6326,14.98426,-5.041893,358.5203,245.8481,359.8119,1,-1,,
*,212,0,150.679,10.95765,1.471033,0.7844837,252.3676,354.2632,1,0,60,
*,212,0,71.85097,14.17386,-16.64749,0.9417212,262.0604,358.9956,1,1,50,
*,212,0,6.229431,13.68351,-26.90856,0.6011972,269.7877,1.211417,1,2,30,
*,212,0,-66.34311,10.6283,-35.18904,358.2429,223.132,5.767204,1,3,30,
*,212,0,-144.5577,-0.06840324,-108.1401,359.8879,191.1612,0.0597527,1,4,0,
*,212,0,223.4509,1.835001,249.031,359.9188,151.7246,1.489443,2,-1,,
*,212,0,296.9889,0.414358,64.38637,3.06911E-08,321.9622,3.034113E-09,2,0,40,
*,212,0,264.9285,-0.03786254,82.87245,5.713407E-08,12.94015,-5.171462E-08,2,1,30,
*,212,0,272.9916,-0.03866804,102.5982,6.137604E-08,336.8298,-1.338204E-07,2,2,30,
*,212,0,256.312,-0.04204261,131.7871,6.262682E-08,13.09383,-1.546843E-07,2,3,30,
*,212,0,266.6431,-0.0386554,150.1321,2.569642E-08,5.51539,-8.136428E-08,2,4,0,
*,212,0,-50.15784,1.235072,-207.935,1.488694,54.99097,359.906,3,-1,,
*,212,0,153.9924,0.4895192,-195.5695,357.1171,27.18824,359.2875,3,0,60,
*,212,0,162.1547,0.5215626,-179.3608,3.153187,324.1894,359.8799,3,1,20,
*,212,0,149.2288,-0.5304641,-161.6724,2.896986,256.1718,1.314775,3,2,30,
*,212,0,77.45099,-0.3044389,-177.4171,2.92989,255.1537,0.4324866,3,3,60,
*,212,0,-33.6469,-0.1086662,-200.1218,1.676816,263.9321,2.013787,3,4,30,
*,212,2,-1.020314,-0.03863331,192.1816,0,65.7,0,0,0,0,
*,212,2,262.0536,-0.03865562,118.4915,0,349.8,0,0,1,0,
*,212,2,60.69588,14.23755,-21.40375,0.7996597,346.8,0.4037289,0,2,0,
*,212,2,-112.8207,-0.03510388,-161.7022,0,346.8001,0,0,3,0,
*,212,2,117.4902,-0.1471948,-174.7247,2.957862,330,0.2440191,0,4,0,
*,212,2,9.422219,-0.1335501,88.4034,359.7992,330.0001,0.03143197,0,5,0,
*,213,1,291.1032,0.9498844,-230.3013,0,98.76001,180,,,,daoJu_daoLuZhiShi
*,213,1,287.001,0.5742594,-249.8408,0,105.1,177.8,,,,daoJu_daoLuZhiShi
*,213,1,280.0494,-0.4807302,-268.3504,-6.104482E-05,116.3,176.3,,,,daoJu_daoLuZhiShi
*,213,1,269.0899,-1.600448,-284.8997,-0.0001068284,130.6,177.3,,,,daoJu_daoLuZhiShi
*,213,1,254.557,-2.737661,-298.1454,-0.0001220896,145.29,176.2,,,,daoJu_daoLuZhiShi
*,213,1,237.2536,-3.92822,-307.4101,-0.0001067751,158.5,176.9,,,,daoJu_daoLuZhiShi
*,213,1,140.1518,-3.104679,-313.1635,358.8718,254.9144,181.9321,,,,daoJu_daoLuZhiShi
*,213,1,151.9556,1.404201,-164.1952,-0.000198369,172.3,179.5,,,,daoJu_daoLuZhiShi
*,213,1,-94.58269,2.350437,-213.7236,-0.0002441526,235.9,180.7,,,,daoJu_daoLuZhiShi
*,213,1,-82.90729,2.084694,-229.8369,0.04321637,232.3406,180.6987,,,,daoJu_daoLuZhiShi
*,213,1,-67.9255,1.957324,-234.5278,0.6764877,160.7651,180.1798,,,,daoJu_daoLuZhiShi
*,213,1,-49.54918,1.908753,-226.8791,0.6926404,154.182,180.1011,,,,daoJu_daoLuZhiShi
*,213,1,165.8545,1.515304,-172.0148,0.4804501,246.2326,179.8614,,,,daoJu_daoLuZhiShi
*,213,1,132.0356,1.231369,-164.6531,0.1090602,184.9235,179.512,,,,daoJu_daoLuZhiShi
*,213,1,172.0383,1.546867,-190.8277,0.4981378,257.2734,179.956,,,,daoJu_daoLuZhiShi
*,213,1,136.6312,-2.246768,-293.6049,358.2643,264.7455,182.9106,,,,daoJu_daoLuZhiShi
*,213,1,148.4487,-3.819535,-330.8021,359.6099,234.6803,182.2031,,,,daoJu_daoLuZhiShi
*,213,1,-269.8389,2.711073,-8.564632,-1.067217E-07,231.0532,182.6197,,,,daoJu_daoLuZhiShi
*,213,1,-281.5297,3.247058,7.615604,359.7108,237.3866,180.4037,,,,daoJu_daoLuZhiShi
*,213,1,-290.5612,3.0777,25.23509,359.2107,248.576,178.798,,,,daoJu_daoLuZhiShi
*,213,1,-295.4482,2.783022,44.50349,358.6182,262.8664,179.5259,,,,daoJu_daoLuZhiShi
*,213,1,-294.3731,2.306548,64.13292,358.3196,283.5911,177.8141,,,,daoJu_daoLuZhiShi
*,213,1,-288.5373,1.593338,83.12123,357.7373,290.7671,178.2208,,,,daoJu_daoLuZhiShi
*,213,1,-277.0647,1.471248,98.49569,358.5917,322.7971,181.0018,,,,daoJu_daoLuZhiShi
*,213,1,251.6175,-3.358227,-277.5137,357.6746,311.4937,2.446085,,,,MoveLuZhang1
*,213,1,255.0721,-3.335938,-280.5961,357.6746,311.4937,2.446085,,,,MoveLuZhang1
*,213,1,256.8166,-3.318765,-282.0071,357.6746,311.4937,2.446085,,,,MoveLuZhang1
*,213,1,253.35,-3.34549,-279.0212,357.6746,311.4937,2.446085,,,,MoveLuZhang1
*,213,1,148.1156,-1.823193,-274.9034,353.0873,359.9001,359.1127,,,,MoveLuZhang1
*,213,1,145.0985,-1.793069,-274.8957,352.454,359.9001,359.0636,,,,MoveLuZhang1
*,213,1,141.8544,-1.774761,-275.1577,352.454,359.9001,359.0636,,,,MoveLuZhang1
*,213,1,168.2732,-0.03226035,-228.2276,0,359.9001,0,,,,MoveLuZhang1
*,213,1,165.256,-0.03204339,-228.2199,0,359.9001,0,,,,MoveLuZhang1
*,213,1,162.012,-0.03161978,-228.4819,0,359.9001,0,,,,MoveLuZhang1
*,213,1,-88.08728,-0.0386427,161.1618,0,68.48399,0,,,,MoveLuZhang2
*,213,1,-87.26099,-0.03864334,159.0658,0,68.48398,0,,,,MoveLuZhang2
*,213,1,-88.94926,-0.03864204,163.3482,0,68.48391,0,,,,MoveLuZhang2
*,213,1,279.6809,-0.03869065,2.886967,0,0,0,,,,MoveLuZhang2
*,213,1,156.8586,-0.05549153,-234.8949,358.9208,118.6811,0.395669,,,,PoliceCar
*,213,1,8.514796,-0.09358024,99.95047,359.7992,168.5667,0.03143196,,,,StaticLuZhangChang1
*,213,1,-0.5431993,-0.105669,97.93973,359.8006,168.5667,0.03533131,,,,StaticLuZhangChang1
*,213,1,17.56581,0.2224008,101.6021,359.5624,168.5667,1.396033,,,,StaticLuZhangChang1
*,213,1,135.9857,-5.057619,-322.2784,358.6889,265.9308,358.6927,,,,StaticLuZhangChang1
*,213,1,135.4443,-4.861906,-314.2991,358.6662,265.9255,358.695,,,,StaticLuZhangChang1
*,213,1,136.5056,-4.826548,-330.1063,0.433814,266.1208,358.8888,,,,StaticLuZhangChang1
*,213,1,135.0064,-4.649593,-305.6663,358.6718,270.2027,358.6853,,,,StaticLuZhangChang1
*,213,1,152.9382,-0.5414543,-159.5236,359.6448,169.1465,358.9923,,,,StaticLuZhangChang1
*,213,1,160.1681,-0.6598561,-158.1086,359.6448,169.1468,358.9923,,,,StaticLuZhangChang1
*,213,1,146.0659,-0.6359542,-160.6773,359.1973,173.838,0.8326781,,,,StaticLuZhangChang1
*,213,1,268.8106,-0.5910036,-149.3573,359.8644,90.42936,358.6423,,,,StaticLuZhangChang1
*,213,1,266.7683,-0.5615098,-141.5869,0.9439324,67.8,359.8144,,,,StaticLuZhangChang1
*,213,1,268.3183,-0.5953476,-156.9107,359.8824,91.20002,358.6432,,,,StaticLuZhangChang1
*,213,1,174.2919,1.04496,-184.3381,357.2975,225.7041,359.3063,,,,StaticLuZhangChang1
*,213,1,218.8647,-5.230587,-297.7055,358.2434,83.10001,1.173494,,,,StaticLuZhangChang1
*,213,1,280.2947,-0.33622,-175.1873,359.8264,1.900004,1.862809,,,,StaticLuZhangChang1
*,213,1,117.7495,0.2626699,-182.6358,2.961656,349.2,0.2414039,,,,MoveLuZhang1
*,213,1,117.8769,0.3882462,-185.0526,2.961656,349.2,0.2414039,,,,MoveLuZhang1
*,213,1,117.4984,0.1086002,-179.6753,2.957833,349.2,0.2428672,,,,MoveLuZhang1
*,213,1,70.88072,0.1278313,-186.8311,2.930063,268.0204,0.4324558,,,,MoveLuZhang1
*,213,1,70.7617,-0.04529489,-183.4664,2.930093,268.0204,0.4324508,,,,MoveLuZhang1
*,213,1,70.65845,-0.1954509,-180.5481,2.930093,268.0204,0.4324508,,,,MoveLuZhang1
*,213,1,70.52094,-0.395495,-176.6601,2.92989,268.0204,0.4324867,,,,MoveLuZhang1
*,213,1,-19.18831,0.1925277,-196.8105,2.92388,283.1266,1.110397,,,,MoveLuZhang1
*,213,1,-18.42636,0.03991651,-193.531,2.92063,283.1265,1.110997,,,,MoveLuZhang1
*,213,1,-17.76547,-0.08675937,-190.6867,2.934807,283.1265,0.712559,,,,MoveLuZhang1
*,213,1,-16.88498,-0.2722393,-186.8971,2.956242,283.1265,0.09714223,,,,MoveLuZhang1
*,213,1,167.5194,-0.4870933,-161.6092,3.160728,76.48431,0.5271332,,,,StaticLuZhangChang1
*,213,1,258.9086,-0.09714767,-127.7356,359.1403,58.10012,0.4741333,,,,StaticLuZhangChang1
*,213,1,169.8615,0.00195194,-170.1174,3.15637,76.48439,0.5389283,,,,StaticLuZhangChang1
*,213,1,171.3339,0.252533,-177.4608,3.083016,76.4843,0.5691143,,,,StaticLuZhangChang1
*,213,1,-59.67995,-0.05017283,-234.8049,0,327.0969,0,,,,StaticLuZhangChang1
*,213,1,-71.96077,0.2897498,-242.7903,0.9953922,327.0972,358.6034,,,,StaticLuZhangChang1
*,213,1,-53.70151,-0.04868976,-231.2958,0,331.7712,0,,,,StaticLuZhangChang1
*,213,1,268.2212,-0.03864201,90.11445,0,171.187,0,,,,StaticLuZhangChang1
*,213,1,275.8278,-0.03866386,91.32743,0,171.1874,0,,,,StaticLuZhangChang1
*,213,1,260.1464,-0.03817319,89.12083,0,175.8615,0,,,,StaticLuZhangChang1
*,213,1,257.3612,-0.0340004,62.64341,0,89.41554,0,,,,StaticLuZhangChang1
*,213,1,256.0577,-0.0342826,79.22739,0,84.74148,0,,,,StaticLuZhangChang1
*,213,1,256.87,-0.034017,70.76429,0,84.74117,0,,,,StaticLuZhangChang1
*,213,1,255.5221,-0.048492,87.04276,0,87.29,0,,,,StaticLuZhangChang1
*,213,1,283.8088,-0.051129,93.15794,0,171.1874,0,,,,StaticLuZhangChang1
*,213,1,291.6836,-0.051129,94.23252,0,171.1874,0,,,,StaticLuZhangChang1
*,213,1,299.3049,-0.051129,95.77645,0,171.1874,0,,,,StaticLuZhangChang1
*,213,1,267.9008,-0.4094317,-164.9301,0.2170806,95.11649,3.747642,,,,StaticLuZhangChang1
*,213,1,263.4088,-0.1684015,-134.9652,359.1403,58.09997,0.4741333,,,,StaticLuZhangChang1
*,213,1,264.4414,-0.2451219,-170.1032,357.3644,160.3,357.8179,,,,StaticLuZhangChang1
*,213,1,131.9051,-3.769284,-298.0382,355.0843,231.1,3.343329,,,,StaticLuZhangChang1
*,213,1,126.3351,-3.302652,-291.1136,354.9724,231.1,1.366975,,,,StaticLuZhangChang1
*,213,1,137.0437,-4.851496,-337.9818,359.8362,266.1208,358.8224,,,,StaticLuZhangChang1
*,213,1,138.7656,-0.3085496,-163.1625,0.8365469,169.9,359.99,,,,StaticLuZhangChang1
*,213,1,132.7744,-0.311509,-161.3029,359.1008,224.38,359.9063,,,,StaticLuZhangChang1
*,213,1,127.5078,-0.3662542,-156.1512,357.8636,224.38,359.6801,,,,StaticLuZhangChang1
*,213,1,122.0441,-0.4089046,-150.8067,357.8636,224.38,359.6801,,,,StaticLuZhangChang1
*,213,1,-47.53031,-0.048492,-227.9829,0,331.7713,0,,,,StaticLuZhangChang1
*,213,1,-38.68933,-0.048492,-223.2367,0,331.7713,0,,,,StaticLuZhangChang1
*,213,1,-65.6721,-0.05128183,-238.6819,0,327.0969,0,,,,StaticLuZhangChang1
*,213,1,275.2361,-0.03869765,-25.54559,0,0,0,,,,MoveBox1
*,213,1,275.8535,1.04417,-25.62206,0,19.47989,0,,,,MoveBox1
*,213,1,276.4076,-0.03869762,-25.54559,0,0,0,,,,MoveBox1
*,213,1,281.4995,-0.03869065,2.886967,0,0,0,,,,MoveLuZhang2
*,213,1,283.3199,-0.03869065,2.886967,0,0,0,,,,MoveLuZhang2
*,213,1,285.0386,-0.03869065,2.886967,0,0,0,,,,MoveLuZhang2
*,213,1,271.4832,-0.2490794,-176.1054,359.8286,59.50857,0.02939831,,,,PoliceCar
*,213,1,-247.7572,-0.03809827,-21.33749,0,322.7318,0,,,,StaticLuZhangChang1
*,213,1,-231.2455,-0.03866272,95.09171,0,62.27797,0,,,,StaticLuZhangChang1
*,213,1,-144.2373,-0.07518014,-111.7756,359.8879,50.59496,0.0597527,,,,StaticLuZhangChang2
*,213,1,-151.4003,-0.06297623,-103.0568,359.868,50.59497,0.03935039,,,,StaticLuZhangChang2
*,213,1,-155.2453,0.1524558,-93.73585,0,50.59497,0,,,,StaticLuZhangChang2
*,213,0,283.3497,2.393867,-135.2988,0,180.1301,0,0,-1,,
*,213,0,220.9949,-5.475401,-307.2781,358.2522,61.33073,1.144245,0,0,60,
*,213,0,258.9981,-3.410335,-286.5544,357.6757,36.12514,2.447388,0,1,60,
*,213,0,274.6944,-1.963811,-266.1261,357.8813,14.77299,2.312267,0,2,50,
*,213,0,282.0884,-0.9185007,-238.8925,359.1511,3.979363,1.897876,0,3,60,
*,213,0,289.0914,-0.06521344,-180.2161,359.8262,354.8525,1.865656,0,4,0,
*,213,0,31.89973,1.657935,-184.5822,1.314285,86.82478,0.7053207,1,-1,,
*,213,0,-71.97518,-0.06168365,-231.4542,-3.963243E-08,12.51905,2.637549E-08,1,0,35,
*,213,0,-67.51994,-0.06646085,-215.6207,-3.646544E-08,53.97942,4.945172E-08,1,1,30,
*,213,0,-36.76658,-0.3798227,-192.3568,2.053895,83.44275,1.371609,1,2,40,
*,213,0,16.71412,-0.2378563,-186.1986,2.956915,138.8465,0.2089301,1,3,30,
*,213,0,75.24458,-0.3242199,-177.3561,2.929889,132.56,0.4324867,1,4,0,
*,213,0,-200.8075,1.508919,-57.43428,0.2383968,139.4059,1.472384,2,-1,,
*,213,0,-200.6153,-0.03811395,-70.55598,-5.822539E-08,321.1427,-3.846584E-08,2,0,35,
*,213,0,-284.9545,-0.03867638,40.98227,-1.111221E-07,24.4678,-2.395643E-08,2,1,30,
*,213,0,-253.2147,-0.03866136,99.73152,-2.140616E-08,65.93536,-1.181078E-07,2,2,60,
*,213,0,-199.3776,0.2823182,125.6272,358.3962,121.4428,359.3958,2,3,75,
*,213,0,-162.793,0.7821187,101.0488,2.363733,132.2369,0.8910163,2,4,0,
*,213,2,268.9879,-0.0383452,74.25998,0,175.03,0,0,0,0,
*,213,2,285.0605,-0.1154361,-153.6315,359.8241,184.1934,1.859459,0,1,0,
*,213,2,150.0409,-5.104357,-310.4192,358.6686,346.8,358.6903,0,2,0,
*,213,2,133.1759,-0.0182103,-176.0792,2.967565,257,0.1382359,0,3,0,
*,213,2,-83.71458,-0.08434357,-208.3412,0,330,0,0,4,0,
*,213,2,-194.2972,-0.03811387,-72.91737,0,330,0,0,5,0,
*,213,2,-11.7922,-0.03801826,186.7484,0,330.0001,0,0,6,0,
*,214,1,158.4212,-2.498609,-320.8219,358.6928,173.5,0.48,,,,daoJu_daoLuZhiShi
*,214,1,138.5452,-2.343362,-323.2893,358.6928,172.65,0.48,,,,daoJu_daoLuZhiShi
*,214,1,292.0008,0.756206,-232.71,358.1035,102.7199,357.8,,,,daoJu_daoLuZhiShi
*,214,1,285.9392,0.186649,-251.5078,358.1035,111.31,358.76,,,,daoJu_daoLuZhiShi
*,214,1,252.1244,-2.468105,-298.8497,358.1036,147.45,354.7,,,,daoJu_daoLuZhiShi
*,214,1,266.8694,-1.320561,-286.1182,358.1036,130.6001,358.2,,,,daoJu_daoLuZhiShi
*,214,1,234.4158,-3.943041,-307.9993,358.1036,158.1,357.16,,,,daoJu_daoLuZhiShi
*,214,1,277.9454,-0.532584,-269.6828,358.1036,117.4001,357.2,,,,daoJu_daoLuZhiShi
*,214,1,182.1231,1.576903,267.842,0,175.5,180,,,,daoJu_daoLuZhiShi
*,214,1,237.2618,1.576903,253.1779,0,226.5,180,,,,daoJu_daoLuZhiShi
*,214,1,221.1598,1.576903,264.507,0,203.7,180,,,,daoJu_daoLuZhiShi
*,214,1,202.0461,1.576903,268.5321,0,180.6,180,,,,daoJu_daoLuZhiShi
*,214,1,51.14766,-0.1014588,-0.3807356,0.5644088,262.4835,0.1649931,,,,MoveLuZhang1
*,214,1,54.76455,0.01877064,0.1009798,2.476288,262.4088,0.3063291,,,,MoveLuZhang1
*,214,1,57.9089,-0.0004284456,0.9336491,2.476288,262.4088,0.3063291,,,,MoveLuZhang1
*,214,1,48.3921,-0.1098476,-0.3346897,0.5644088,262.4088,0.1649931,,,,MoveLuZhang1
*,214,1,60.77945,-0.001626834,1.316237,2.476288,262.4088,0.3063291,,,,MoveLuZhang1
*,214,1,112.0904,-0.02676868,-107.2094,0.07454208,214.8998,359.9524,,,,MoveLuZhang1
*,214,1,114.1739,-0.03243407,-104.2137,0.07777133,214.8094,359.9504,,,,MoveLuZhang1
*,214,1,115.6804,-0.03765304,-101.3309,0.07778434,214.8094,359.9503,,,,MoveLuZhang1
*,214,1,110.1977,-0.02259068,-109.2125,0.07454208,214.8251,359.9524,,,,MoveLuZhang1
*,214,1,117.3344,-0.0421437,-98.9538,0.07459781,214.8096,359.9524,,,,MoveLuZhang1
*,214,1,140.5651,-0.1202292,-116.5913,359.2452,214.8093,0.2978031,,,,MoveLuZhang1
*,214,1,133.4284,-0.2362482,-126.85,359.161,214.825,359.7726,,,,MoveLuZhang1
*,214,1,138.9111,-0.1601465,-118.9684,359.2452,214.8096,0.297803,,,,MoveLuZhang1
*,214,1,137.4046,-0.1844082,-121.8512,359.3706,214.8094,359.5499,,,,MoveLuZhang1
*,214,1,135.3211,-0.2143773,-124.8468,359.1588,214.8998,359.778,,,,MoveLuZhang1
*,214,1,158.744,-0.5258309,-154.8009,356.9536,260.2631,0.7470993,,,,MoveLuZhang1
*,214,1,146.4275,-0.5782829,-156.9166,359.2194,260.2538,0.870632,,,,MoveLuZhang1
*,214,1,155.8898,-0.5671329,-155.2914,359.6448,260.2631,358.9923,,,,MoveLuZhang1
*,214,1,152.7791,-0.5183088,-156.2419,359.6448,260.2631,358.9923,,,,MoveLuZhang1
*,214,1,149.1828,-0.5371477,-156.8589,359.1973,260.3285,0.8326781,,,,MoveLuZhang1
*,214,1,20.52885,-0.1470471,65.89977,0,334.847,0,,,,MoveLuZhang2
*,214,1,23.81986,-0.1416738,67.52609,359.9915,328.9702,0.1093586,,,,MoveLuZhang2
*,214,1,18.84137,-0.1483131,65.10739,0,334.847,0,,,,MoveLuZhang2
*,214,1,176.7939,-0.03861169,263.5442,0,259.2728,0,,,,MoveLuZhang2
*,214,1,177.1135,-0.03861221,261.8569,0,259.2728,0,,,,MoveLuZhang2
*,214,1,177.4164,-0.03861267,260.2587,0,259.2728,0,,,,MoveLuZhang2
*,214,1,177.7229,-0.03861318,258.6402,0,259.2728,0,,,,MoveLuZhang2
*,214,1,22.1564,-0.1449765,66.664,359.9915,334.847,0.1093587,,,,MoveLuZhang2
*,214,1,178.0299,-0.03861367,257.02,0,259.2728,0,,,,MoveLuZhang2
*,214,1,171.7237,-5.67308,-313.581,358.6816,264.4222,358.6919,,,,MoveLuZhang2
*,214,1,171.8882,-5.715626,-315.2661,358.6816,264.4222,358.6919,,,,MoveLuZhang2
*,214,1,172.0465,-5.75655,-316.8869,358.6836,264.4222,358.6921,,,,MoveLuZhang2
*,214,1,172.2156,-5.800201,-318.6181,358.6836,264.4222,358.6921,,,,MoveLuZhang2
*,214,1,128.4282,0.5704716,242.4648,0,0,0,,,,MoveYouTong1
*,214,1,124.7341,0.5704713,241.2534,0,0,0,,,,MoveYouTong1
*,214,1,120.6136,0.5704709,239.9314,0,0,0,,,,MoveYouTong1
*,214,1,122.6277,0.5704711,240.6256,0,0,0,,,,MoveYouTong1
*,214,1,126.5474,0.5704715,241.8868,0,0,0,,,,MoveYouTong1
*,214,1,129.9679,0.5704718,242.9148,0,0,0,,,,MoveYouTong1
*,214,1,170.0468,-5.461189,-306.0683,358.6824,206.4268,358.6866,,,,PoliceCar
*,214,1,51.3875,-0.04194442,-2.979898,2.149291,79.8,3.265095,,,,PoliceCar
*,214,1,279.8145,-0.03869503,-11.58813,0,79.80004,0,,,,PoliceCar
*,214,1,66.31968,-0.04676386,-77.49231,0.1351279,18.40002,0.02186895,,,,PoliceCar
*,214,1,-8.562768,0.09570013,164.8609,0.9215932,168.5667,0.3719361,,,,StaticLuZhangChang1
*,214,1,0.8887675,0.03600305,166.7724,0.4158246,168.5667,0.1657441,,,,StaticLuZhangChang1
*,214,1,10.19978,0.2198101,168.6554,359.6275,168.5667,0.8908676,,,,StaticLuZhangChang1
*,214,1,-9.265396,0.4651706,151.7133,0.07741905,261.6558,358.2191,,,,StaticLuZhangChang1
*,214,1,-8.15386,0.4353206,144.1351,359.9458,261.6558,358.6754,,,,StaticLuZhangChang1
*,214,1,-6.762215,0.3917295,135.6229,359.6969,261.6558,358.6569,,,,StaticLuZhangChang1
*,214,1,-5.608301,0.3132987,125.9128,359.6969,261.6557,358.6569,,,,StaticLuZhangChang1
*,214,1,-6.373561,0.2822182,116.6556,359.6964,261.6557,358.6599,,,,StaticLuZhangChang1
*,214,1,-5.169586,0.219597,107.5389,0.04372388,261.6557,358.672,,,,StaticLuZhangChang1
*,214,1,-10.38572,0.4896797,159.3514,0.07741905,261.6558,358.2191,,,,StaticLuZhangChang1
*,214,1,-3.689754,0.1929924,97.44955,0.04372388,261.6557,358.672,,,,StaticLuZhangChang1
*,214,1,-2.365795,0.1693465,88.42285,0.04703408,261.6557,358.6618,,,,StaticLuZhangChang1
*,214,1,-3.439198,0.09628893,81.86553,359.8532,326.4091,0.05817854,,,,StaticLuZhangChang1
*,214,1,132.1454,-0.4848445,-167.054,2.880656,85.11001,0.185195,,,,StaticLuZhangChang1
*,214,1,132.4859,-0.04986971,-175.5004,2.962531,86.80002,0.1379004,,,,StaticLuZhangChang1
*,214,1,132.8874,0.3983913,-184.1395,2.963007,90,0.1393962,,,,StaticLuZhangChang1
*,214,1,164.4562,-0.2894708,-159.7415,1.297076,263.8,0.3547987,,,,StaticLuZhangChang1
*,214,1,166.7932,-0.08126798,-168.8127,3.244855,259.7,359.8545,,,,StaticLuZhangChang1
*,214,1,168.8154,0.373393,-176.9006,3.255214,254,359.8566,,,,StaticLuZhangChang1
*,214,1,272.2371,-0.5259787,-156.7808,359.8573,95,1.802319,,,,StaticLuZhangChang1
*,214,1,272.3162,-0.4994492,-147.4695,359.8395,87.70004,1.803195,,,,StaticLuZhangChang1
*,214,1,271.3055,-0.2263557,-138.989,357.9554,74.57,0.5491707,,,,StaticLuZhangChang1
*,214,1,257.5478,-0.03494398,80.67352,0,266.4468,0,,,,StaticLuZhangChang1
*,214,1,257.9814,-0.03438904,71.13957,0,266.5233,0,,,,StaticLuZhangChang1
*,214,1,258.3831,-0.03466617,61.78235,0,266.6462,0,,,,StaticLuZhangChang1
*,214,1,280.823,-0.04363393,-50.83015,0,175.3,0,,,,StaticLuZhangChang1
*,214,1,270.4187,-0.03868809,11.33837,0,156.45,0,,,,StaticLuZhangChang1
*,214,1,287.7257,-0.03811806,12.52676,0,195.79,0,,,,StaticLuZhangChang1
*,214,1,124.9831,-4.477949,-308.1115,358.6666,87.9,358.6835,,,,StaticLuZhangChang1
*,214,1,125.3778,-4.682272,-316.5967,358.6925,88.8,358.6696,,,,StaticLuZhangChang1
*,214,1,125.7345,-4.884266,-325.0762,358.6929,87.10001,358.67,,,,StaticLuZhangChang1
*,214,1,19.24359,0.06003535,170.4833,359.5989,168.5667,0.9938501,,,,StaticLuZhangChang1
*,214,1,270.181,-0.2284489,-164.9222,1.095376,116.7,0.5450066,,,,StaticLuZhangChang1
*,214,1,266.403,-0.2687558,-172.1257,359.8842,116.7,0.4331131,,,,StaticLuZhangChang1
*,214,1,267.3722,-0.1204245,-131.6038,359.8792,44.80001,359.7788,,,,StaticLuZhangChang1
*,214,1,261.7767,-0.3879199,-126.0461,359.8216,44.80001,1.809868,,,,StaticLuZhangChang1
*,214,1,174.4436,0.4172404,-181.0305,3.208069,199.3,359.882,,,,StaticLuZhangChang1
*,214,1,166.3772,-0.2152506,-151.2609,3.240692,301.6,359.8751,,,,StaticLuZhangChang1
*,214,1,170.546,-0.2325637,-144.4864,3.240716,301.6001,359.8751,,,,StaticLuZhangChang1
*,214,1,176.6364,-0.1583134,-139.5558,359.1508,340.7,359.7357,,,,StaticLuZhangChang1
*,214,1,131.4054,-0.2639818,-158.4174,359.1008,85.10996,359.9063,,,,StaticLuZhangChang1
*,214,1,128.3351,-0.1616392,-151.1834,359.3274,43.6,359.7879,,,,StaticLuZhangChang1
*,214,1,132.5787,1.002813,-192.3488,358.987,277.0399,359.8752,,,,StaticLuZhangChang1
*,214,1,129.9442,0.8849847,-199.3372,358.987,126.8,359.8752,,,,StaticLuZhangChang1
*,214,1,125.9278,-4.00163,-299.835,358.6682,88,356.5,,,,StaticLuZhangChang1
*,214,1,125.8652,-4.602968,-333.2289,359.8321,87.6,358.7898,,,,StaticLuZhangChang1
*,214,1,129.1265,-4.690421,-339.5597,359.8321,36.10001,358.7898,,,,StaticLuZhangChang1
*,214,1,124.1026,-3.521462,-293.1069,357.6666,51.73,358.5209,,,,StaticLuZhangChang1
*,214,1,141.9067,-4.59932,-299.2624,353.0722,349.25,358.0252,,,,StaticLuZhangChang1
*,214,1,40.03571,-0.1543405,26.95145,359.9588,144.4887,0.09377918,,,,StaticLuZhangChang1
*,214,1,252.6102,0.3135396,84.35893,358.7659,192.6989,0.5211688,,,,StaticLuZhangChang1
*,214,1,118.5216,-3.22131,-286.5518,356.5715,51.79994,357.1293,,,,StaticLuZhangChang1
*,214,1,242.7492,-4.153026,-287.8311,357.7084,239.2827,2.437771,,,,StaticLuZhangChang2
*,214,1,77.04749,-0.04965987,-74.48694,0.1332446,314.2025,0.02020635,,,,StaticLuZhangChang2
*,214,1,288.6516,-0.06151452,-174.2768,359.8262,359.0262,1.865655,,,,StaticLuZhangChang2
*,214,0,158.2657,1.376476,-190.5562,359.552,166.0765,1.422694,0,-1,,
*,214,0,159.0159,-5.342903,-311.8502,358.674,314.9794,358.691,0,0,40,
*,214,0,142.2447,-3.205862,-286.6559,354.2808,29.26206,359.8181,0,1,30,
*,214,0,154.7695,-1.162941,-268.3951,353.3299,347.8185,359.0631,0,2,30,
*,214,0,152.2249,-0.2365755,-242.8082,358.9208,48.71251,0.3956689,0,3,30,
*,214,0,167.5403,-0.03214061,-222.5964,5.910741E-08,35.97725,4.481126E-08,0,4,0,
*,214,0,187.4047,-3.950871,-313.5364,1.443693,44.04081,359.625,1,-1,,
*,214,0,290.4395,-0.07109976,-187.7565,359.6118,213.6113,1.864266,1,0,60,
*,214,0,276.6418,-0.6799655,-210.4877,359.1569,179.4969,1.902665,1,1,70,
*,214,0,278.8416,-1.582943,-259.0722,358.3744,233.2904,2.065795,1,2,40,
*,214,0,253.0658,-3.361703,-279.1212,357.6746,189.4287,2.446084,1,3,20,
*,214,0,250.7081,-4.234871,-298.3058,357.6987,186.4526,2.418857,1,4,0,
*,214,0,229.6274,-3.23801,-302.2661,1.443661,44.04081,359.625,2,-1,,
*,214,0,278.7648,-0.3395088,-161.3252,359.8242,174.5083,1.818351,2,0,60,
*,214,0,286.6807,-0.3806436,-212.8371,359.1542,204.2271,1.903943,2,1,40,
*,214,0,272.4561,-1.263971,-239.5644,358.3981,117.2038,2.079062,2,2,30,
*,214,0,284.4677,-2.438287,-245.0088,358.1536,230.1874,1.860502,2,3,20,
*,214,0,266.7058,-2.309033,-259.7096,359.4259,270.2216,3.422291,2,4,0,
*,214,0,271.1303,1.673661,98.92438,0.5619483,350.732,358.6183,3,-1,,
*,214,0,185.3318,-0.03862047,262.7673,2.373408E-08,108.6614,-9.120956E-08,3,0,50,
*,214,0,232.2469,-0.0386188,245.6496,4.331304E-08,164.4034,-9.530738E-08,3,1,40,
*,214,0,242.7541,-0.03862417,204.7721,1.852382E-07,152.5862,-2.444044E-07,3,2,40,
*,214,0,261.4925,-0.03864157,170.9451,1.569064E-07,188.6902,-2.507491E-07,3,3,30,
*,214,0,257.5971,-0.04120624,134.5417,2.219883E-07,209.7266,-1.217043E-07,3,4,0,
*,214,0,282.2222,1.766998,-127.8966,0.7830412,0.263175,358.7305,4,-1,,
*,214,0,305.1483,0.439203,-145.5091,0.1632959,335.904,1.865509,4,0,60,
*,214,0,274.9892,-0.2598201,-77.85498,359.638,30.48848,0.915844,4,1,70,
*,214,0,288.8433,0.02902877,-51.08121,0.2389468,340.8903,0.9472914,4,2,60,
*,214,0,272.6128,-0.03869796,-16.90103,2.985115E-07,11.03459,-2.507332E-07,4,3,30,
*,214,0,279.5919,-0.03869128,20.91383,4.065039E-07,60.14159,-1.286414E-07,4,4,0,
*,214,0,240.4118,1.712219,226.8874,0.5619966,350.732,358.6184,5,-1,,
*,214,0,54.7614,-0.03863406,209.3237,-2.252524E-07,56.08328,9.797242E-08,5,0,50,
*,214,0,94.3093,-0.03862464,235.4204,-9.790114E-08,97.27055,1.265883E-08,5,1,40,
*,214,0,127.4425,-0.03862119,236.1132,-2.12405E-08,55.09769,2.549108E-08,5,2,30,
*,214,0,150.2712,-0.03861737,255.3014,-7.666326E-08,107.2856,7.071581E-08,5,3,30,
*,214,0,178.9931,-0.03861952,248.7919,-1.45835E-08,83.3231,3.492202E-08,5,4,0,
*,214,2,2.299999,0.07697637,154,0.09222124,175.03,0.04634139,0,0,0,
*,214,2,151.8879,0.01942945,-173.8757,356.9535,349.8,0.7485226,0,1,0,
*,214,2,212.0673,-5.610668,-305.7387,358.2811,346.8,1.167586,0,2,0,
*,214,2,269.7939,-0.03866524,86.78174,0,257,0,0,3,0,
*,214,2,15.83438,-0.03863085,200.2795,0,330,0,0,4,0,
*,215,1,-27.13595,0.8429917,-304.0836,359.2559,219.54,359.4279,,,,daoJu_daoLuZhiShi
*,215,1,-10.85543,0.6114441,-315.4818,358.9903,209.7,1.88,,,,daoJu_daoLuZhiShi
*,215,1,7.174899,-0.05483033,-323.8293,358.8469,199.6,2.1,,,,daoJu_daoLuZhiShi
*,215,1,26.34374,-0.7339302,-328.091,358.77,185.53,1.9,,,,daoJu_daoLuZhiShi
*,215,1,234.4158,-3.943041,-307.9993,358.1036,158.1,357.16,,,,daoJu_daoLuZhiShi
*,215,1,252.1244,-2.468105,-298.8497,358.1036,147.45,354.7,,,,daoJu_daoLuZhiShi
*,215,1,266.8694,-1.320561,-286.1182,358.1036,130.6,358.2,,,,daoJu_daoLuZhiShi
*,215,1,277.9454,-0.5325843,-269.6828,358.1035,117.4,357.2,,,,daoJu_daoLuZhiShi
*,215,1,285.9392,0.1866492,-251.5078,358.1035,111.31,358.76,,,,daoJu_daoLuZhiShi
*,215,1,292.0008,0.7562062,-232.71,358.1035,102.72,357.8,,,,daoJu_daoLuZhiShi
*,215,1,136.7245,1.539431,-153.0466,1.139694,84.97,1.262098,,,,daoJu_daoLuZhiShi
*,215,1,283.0538,0.7547591,-140.445,1.139664,358.72,1.2621,,,,daoJu_daoLuZhiShi
*,215,1,166.7686,1.905647,-191.1793,1.309431,357.3957,358.915,,,,daoJu_daoLuZhiShi
*,215,1,138.479,1.978027,-172.881,1.139671,84.97,1.262095,,,,daoJu_daoLuZhiShi
*,215,1,147.9764,2.14718,-187.1881,1.673929,26.91416,359.7009,,,,daoJu_daoLuZhiShi
*,215,1,31.39652,2.511696,220.1214,359.1365,162.327,359.6837,,,,daoJu_daoLuZhiShi
*,215,1,12.62551,2.40189,213.238,359.1366,157.5545,359.6837,,,,daoJu_daoLuZhiShi
*,215,1,-5.811927,2.291752,205.6196,359.1366,157.5545,359.6837,,,,daoJu_daoLuZhiShi
*,215,1,-22.69633,2.213774,196.7071,359.0909,146.054,359.8622,,,,daoJu_daoLuZhiShi
*,215,1,-31.80507,2.298414,181.1798,359.3127,95.80261,0.6108313,,,,daoJu_daoLuZhiShi
*,215,1,-31.58995,2.532127,161.6056,359.4546,83.81062,0.7403153,,,,daoJu_daoLuZhiShi
*,215,1,-28.21717,2.797632,142.2424,359.5546,76.40077,0.8044792,,,,daoJu_daoLuZhiShi
*,215,1,159.2493,2.055071,263.456,0,168.0827,0,,,,daoJu_daoLuZhiShi
*,215,1,178.0978,2.055071,267.5319,0,167.6602,0,,,,daoJu_daoLuZhiShi
*,215,1,197.7251,2.055071,268.8633,0,184.6498,0,,,,daoJu_daoLuZhiShi
*,215,1,216.8595,2.055071,264.3633,0,201.4231,0,,,,daoJu_daoLuZhiShi
*,215,1,233.8955,2.055071,254.4563,0,218.9182,0,,,,daoJu_daoLuZhiShi
*,215,1,246.455,2.055071,239.5448,0,241.1556,0,,,,daoJu_daoLuZhiShi
*,215,1,254.3656,2.055071,221.4364,0,251.696,0,,,,daoJu_daoLuZhiShi
*,215,1,100.1629,-0.03862052,234.3795,0,249.4945,0,,,,MoveLuZhang1
*,215,1,99.13781,-0.0386197,237.1137,0,249.4946,0,,,,MoveLuZhang1
*,215,1,97.77203,-0.03861859,240.7565,0,249.4945,0,,,,MoveLuZhang1
*,215,1,134.8759,-0.03861789,243.0873,0,249.4945,0,,,,MoveLuZhang1
*,215,1,135.901,-0.03861872,240.3531,0,249.4945,0,,,,MoveLuZhang1
*,215,1,137.083,-0.03861969,237.2004,0,249.4946,0,,,,MoveLuZhang1
*,215,1,194.7462,0.134272,-167.3446,3.114309,13.76,0.7613106,,,,PoliceCar
*,215,1,-37.26927,-0.03849708,186.3208,0,267.1173,0,,,,StaticLuZhangChang1
*,215,1,-37.72007,0.404889,194.2305,0,267.4335,0,,,,StaticLuZhangChang1
*,215,1,-36.62737,-0.03863769,177.675,0,263.413,0,,,,StaticLuZhangChang1
*,215,1,145.4852,-3.572679,-289.8032,353.0722,0.1267872,358.0252,,,,StaticLuZhangChang1
*,215,1,152.7068,-3.63835,-289.81,353.0377,0.1267557,359.7148,,,,StaticLuZhangChang1
*,215,1,137.6457,-3.505736,-289.7959,354.2808,0.1267563,359.8181,,,,StaticLuZhangChang1
*,215,1,159.7018,-3.412699,-289.987,350.6261,4.826962,1.70358,,,,StaticLuZhangChang1
*,215,1,136.7317,-0.004031479,-176.1872,2.967565,264,0.1382362,,,,StaticLuZhangChang1
*,215,1,137.512,0.3789944,-183.5445,2.96231,264,0.1412351,,,,StaticLuZhangChang1
*,215,1,136.1805,-0.36332,-169.2098,2.880656,268.7001,0.1851948,,,,StaticLuZhangChang1
*,215,1,280.9968,-0.1881129,-133.9687,359.8482,0.1267873,1.832798,,,,StaticLuZhangChang1
*,215,1,288.2184,0.04534585,-133.9755,359.8485,0.1267472,1.866503,,,,StaticLuZhangChang1
*,215,1,273.1573,-0.1351529,-133.9615,359.8566,0.126761,0.006062184,,,,StaticLuZhangChang1
*,215,1,295.8889,0.29322,-134.2097,359.8491,4.826912,1.864539,,,,StaticLuZhangChang1
*,215,1,202.7962,-5.858034,-312.1027,358.5351,83.09998,359.8286,,,,StaticLuZhangChang1
*,215,1,200.8098,0.2104942,-167.0387,3.079025,349.2,0.8883086,,,,MoveLuZhang1
*,215,1,200.9372,0.3424878,-169.4556,3.079025,349.2,0.8883086,,,,MoveLuZhang1
*,215,1,200.5587,0.04761744,-164.0782,3.046164,349.2,0.8895013,,,,MoveLuZhang1
*,215,1,113.1829,-0.02260999,-111.1032,0.07454208,300.98,359.9524,,,,MoveLuZhang1
*,215,1,114.9136,-0.02780468,-108.2152,0.07454208,300.9799,359.9524,,,,MoveLuZhang1
*,215,1,116.4147,-0.03234393,-105.7105,0.07777131,300.9799,359.9504,,,,MoveLuZhang1
*,215,1,118.4145,-0.03858899,-102.3734,0.07459781,300.9799,359.9524,,,,MoveLuZhang1
*,215,1,92.8979,-0.02343483,-97.52087,0.07453178,300.98,359.9525,,,,MoveLuZhang1
*,215,1,94.62862,-0.02862888,-94.63284,0.07454208,300.9799,359.9524,,,,MoveLuZhang1
*,215,1,96.1297,-0.03320398,-92.12811,0.07777131,300.9799,359.9504,,,,MoveLuZhang1
*,215,1,98.12958,-0.03941672,-88.79105,0.07458805,300.9799,359.9524,,,,MoveLuZhang1
*,215,1,-52.15721,0.3332429,-227.0287,359.0324,145.81,1.590142,,,,StaticLuZhangChang1
*,215,1,-59.65229,-0.0517792,-232.1216,0,145.81,0,,,,StaticLuZhangChang1
*,215,1,-72.67049,0.2753283,-240.9649,0.9953922,145.81,358.6034,,,,StaticLuZhangChang1
*,215,1,-66.05589,-0.05332408,-236.4724,0,145.81,0,,,,StaticLuZhangChang1
*,215,1,265.2506,-0.137841,-133.9445,359.1403,0.1267985,0.4741334,,,,StaticLuZhangChang1
*,215,1,259.6695,-0.2978549,-129.4127,359.8315,69.55001,1.841385,,,,StaticLuZhangChang1
*,215,1,303.4057,0.538785,-134.8451,359.8492,4.826902,1.864489,,,,StaticLuZhangChang1
*,215,1,310.9061,0.8143387,-135.4791,359.84,4.826902,359.8813,,,,StaticLuZhangChang1
*,215,1,166.2954,-3.563498,-288.0887,351.179,316.1,355.2232,,,,StaticLuZhangChang1
*,215,1,171.6311,-3.226863,-283.0637,351.179,316.1,355.2232,,,,StaticLuZhangChang1
*,215,1,182.3625,-2.528546,-272.2267,353.475,316.1,356.6771,,,,StaticLuZhangChang1
*,215,1,176.9798,-2.875683,-277.9383,351.179,316.1,355.2232,,,,StaticLuZhangChang1
*,215,1,130.0307,-3.103542,-289.8531,354.9724,0.1267603,1.366976,,,,StaticLuZhangChang1
*,215,1,122.3037,-3.091287,-287.6185,354.9724,33.54312,1.366975,,,,StaticLuZhangChang1
*,215,1,134.9886,-0.3229318,-161.792,359.1348,268.7001,359.9106,,,,StaticLuZhangChang1
*,215,1,134.8027,-0.3645367,-153.6581,2.879574,268.7001,0.1839172,,,,StaticLuZhangChang1
*,215,1,129.7603,-0.1572345,-150.5623,358.6556,185.0904,359.9776,,,,StaticLuZhangChang1
*,215,1,120.5439,-0.1158823,-149.7429,359.3274,185.0905,359.7879,,,,StaticLuZhangChang1
*,215,1,-47.74911,0.3440203,-224.4685,2.169673,208.76,358.8822,,,,StaticLuZhangChang1
*,215,1,-35.5415,0.3685046,159.7594,0.2852234,266.4313,0.120855,,,,StaticLuZhangChang1
*,215,1,-36.11692,-0.0386404,168.7823,0,266.541,0,,,,StaticLuZhangChang1
*,215,1,-35.0996,0.4722993,150.7262,0.7228475,270.0543,0.5839946,,,,StaticLuZhangChang1
*,215,1,-35.17117,0.5769438,142.3747,0.7228476,270.8122,0.5839947,,,,StaticLuZhangChang1
*,215,1,160.4106,0.4910887,-193.7466,357.2488,176.3554,358.4659,,,,StaticLuZhangChang1
*,215,1,150.8998,0.633399,-192.3288,357.6593,203.134,0.1612177,,,,StaticLuZhangChang1
*,215,1,142.8498,1.044032,-188.2522,4.993762,209.3862,0.2734959,,,,StaticLuZhangChang1
*,215,1,168.1038,0.4243102,-193.2516,357.8632,176.3553,359.4669,,,,StaticLuZhangChang1
*,215,0,211.4627,-3.35071,-303.469,0,261.4,0,0,-1,,
*,215,0,287.8744,-0.1982596,-194.1998,359.6118,191.9001,1.864266,0,0,60,
*,215,0,273.7521,-2.620064,-249.6956,357.6812,224.3,2.453624,0,1,50,
*,215,0,259.0111,-4.018239,-273.9146,357.6005,240.3,2.549713,0,2,50,
*,215,0,234.618,-4.608939,-291.9413,357.9456,250,1.981033,0,3,0,
*,215,0,176.6197,1.79649,-168.4947,0,76.70001,0,1,-1,,
*,215,0,18.72609,-0.148073,66.07707,0,144.2283,0,1,0,60,
*,215,0,52.40125,-0.135528,21.82103,0.001715037,179.7128,0.1170526,1,1,40,
*,215,0,54.28062,0.6599233,-45.15916,357.4182,142.5595,0.3071832,1,2,30,
*,215,0,78.23553,-0.04436707,-76.68257,0.0875189,125.4858,359.9799,1,3,30,
*,215,0,142.3018,-0.1966323,-123.0752,359.2452,93.02574,0.2978029,1,4,0,
*,215,2,-59.05221,-0.0468112,-239.4798,0,150.39,0,0,0,0,
*,215,2,150.2381,-5.150598,-312.2122,358.6626,349.8,358.6828,0,1,0,
*,215,2,283.3557,-0.2340476,-174.3235,359.8264,346.8,1.862808,0,2,0,
*,215,2,153.9531,-0.5589173,-159.4608,359.6448,22.46523,358.9923,0,3,0,
*,215,2,-5.901783,-0.03851604,186.5327,0,330,0,0,4,0,
*,215,2,200.3466,-0.0386136,257.2807,0,330.0001,0,0,5,0,
*,215,2,268.5508,-0.03864948,88.38727,0,330.0001,0,0,6,0,
*,216,1,-290.2508,1.362733,48.5842,0,91.7616,180,,,,daoJu_daoLuZhiShi
*,216,1,-285.9366,1.362733,67.75002,0,113.4,180,,,,daoJu_daoLuZhiShi
*,216,1,-274.9432,1.362733,84.17081,0,134,180,,,,daoJu_daoLuZhiShi
*,216,1,-287.7964,1.362733,29.11914,2.035555E-13,73.7,180,,,,daoJu_daoLuZhiShi
*,216,1,-279.9407,1.362733,11.18609,0,59.40001,180,,,,daoJu_daoLuZhiShi
*,216,1,-268.9151,1.362733,-5.478346,0,53.8,180,,,,daoJu_daoLuZhiShi
*,216,1,-64.93635,1.362733,-234.4903,1.288631E-06,340.0079,180,,,,daoJu_daoLuZhiShi
*,216,1,-47.33519,1.362733,-225.3209,0,325.1001,180,,,,daoJu_daoLuZhiShi
*,216,1,158.7377,2.550331,-158.3818,-4.045235E-06,27.73788,180,,,,daoJu_daoLuZhiShi
*,216,1,169.0463,2.550331,-172.9186,0,81.60004,180,,,,daoJu_daoLuZhiShi
*,216,1,141.4914,-3.295557,-328.0094,0.6275963,31.69018,179.1959,,,,daoJu_daoLuZhiShi
*,216,1,159.8654,-3.612626,-332.172,4.774796E-05,353.72,178.98,,,,daoJu_daoLuZhiShi
*,216,1,179.6842,-3.96756,-330.0264,4.774796E-05,353.72,178.98,,,,daoJu_daoLuZhiShi
*,216,1,240.9918,-3.081473,-305.5248,4.578361E-05,333.4,182.8,,,,daoJu_daoLuZhiShi
*,216,1,257.782,-2.108462,-295.2218,7.630602E-05,324.4,182.8,,,,daoJu_daoLuZhiShi
*,216,1,272.0597,-1.123331,-281.7545,0.0001068284,309.4,182.8,,,,daoJu_daoLuZhiShi
*,216,1,282.635,-0.1288125,-264.9314,4.578361E-05,295.2,182.8,,,,daoJu_daoLuZhiShi
*,216,1,288.7498,0.8668019,-246.0255,6.104482E-05,280.6,182.8,,,,daoJu_daoLuZhiShi
*,216,1,-80.95078,1.362733,-230.4585,0,48.21669,180,,,,daoJu_daoLuZhiShi
*,216,1,139.9478,2.550331,-153.5968,0,0.6170914,180,,,,daoJu_daoLuZhiShi
*,216,1,130.8407,-3.136281,-313.0198,1.014299,77.67733,179.8927,,,,daoJu_daoLuZhiShi
*,216,1,127.4662,-2.444536,-293.4395,1.35163,82.68192,176.1968,,,,daoJu_daoLuZhiShi
*,216,1,-129.2695,-0.06651982,-148.0176,0.08288853,233.5354,0.07209048,,,,MoveLuZhang1
*,216,1,-131.6203,-0.06624923,-150.2656,0.08207273,233.5354,0.07384834,,,,MoveLuZhang1
*,216,1,-134.555,-0.06676779,-152.4341,0.0833982,233.6007,0.07058581,,,,MoveLuZhang1
*,216,1,-121.5797,-0.06605851,-141.6434,0.08400878,233.5354,0.06836349,,,,MoveLuZhang1
*,216,1,-126.8652,-0.06629588,-146.06,0.08161952,233.6007,0.07341284,,,,MoveLuZhang1
*,216,1,-123.9305,-0.06562486,-143.8915,0.08161952,233.5354,0.07341284,,,,MoveLuZhang1
*,216,1,-96.03017,-0.04538497,-170.0038,359.9244,231.7302,359.9446,,,,MoveLuZhang1
*,216,1,-101.1739,-0.04634023,-174.5846,359.9255,231.7956,359.9394,,,,MoveLuZhang1
*,216,1,-98.30905,-0.04621267,-172.3247,359.9247,231.7302,359.9434,,,,MoveLuZhang1
*,216,1,-105.7942,-0.04743693,-178.9379,359.9231,231.7302,359.9419,,,,MoveLuZhang1
*,216,1,-108.6591,-0.04755607,-181.1978,359.9245,231.7956,359.9386,,,,MoveLuZhang1
*,216,1,-103.5154,-0.04658297,-176.617,359.9226,231.7302,359.9436,,,,MoveLuZhang1
*,216,1,287.1916,0.03737645,-66.65051,359.9488,265.5526,0.9320649,,,,MoveLuZhang1
*,216,1,283.5536,-0.0220628,-66.93329,359.9488,265.618,0.9320648,,,,MoveLuZhang1
*,216,1,290.3767,0.09351906,-65.9908,0.2244765,265.5526,1.880614,,,,MoveLuZhang1
*,216,1,285.122,-0.03869282,-4.290278,0,265.5526,0,,,,MoveLuZhang1
*,216,1,280.1419,-0.03869294,-4.676873,0,265.618,0,,,,MoveLuZhang1
*,216,1,287.2847,-0.03869276,-4.062433,0,265.5526,0,,,,MoveLuZhang1
*,216,1,282.7793,-0.03869287,-4.472487,0,265.5526,0,,,,MoveLuZhang1
*,216,1,279.6951,-0.3214904,-234.3461,359.1542,313.2375,1.903943,,,,MoveYouTong1
*,216,1,279.9948,-0.2841184,-232.4905,359.1542,313.2375,1.903943,,,,MoveYouTong1
*,216,1,280.3672,-0.2422739,-230.4957,359.1542,313.2375,1.903943,,,,MoveYouTong1
*,216,1,280.6142,-0.2018889,-228.3177,359.1542,313.2375,1.903943,,,,MoveYouTong1
*,216,1,280.9728,-0.1538284,-225.8711,359.1542,313.2375,1.903943,,,,MoveYouTong1
*,216,1,281.2323,-0.1147244,-223.8077,359.1542,313.2375,1.903943,,,,MoveYouTong1
*,216,1,281.5548,-0.06751764,-221.3376,359.1542,313.2375,1.903943,,,,MoveYouTong1
*,216,1,-162.4719,-0.08081805,-109.041,359.9292,23.60006,359.9409,,,,PoliceCar
*,216,1,-116.3302,-0.04395597,-152.446,0.08400878,23.60006,0.0683635,,,,PoliceCar
*,216,1,-108.3801,-0.04094408,-176.0546,359.9231,58.90001,359.9419,,,,PoliceCar
*,216,1,-75.99135,-0.0710476,-223.6129,0,58.89998,0,,,,PoliceCar
*,216,1,-73.12431,-0.07457469,-211.4676,0.01700963,271,0.3161926,,,,PoliceCar
*,216,1,181.9478,-5.617772,-305.0868,358.5525,326.9052,359.8314,,,,PoliceCar
*,216,1,288.0469,0.05471642,-62.82344,359.9488,122.6,0.9320648,,,,PoliceCar
*,216,1,-10.08751,0.02094946,168.8924,0.9215932,69.2,0.3719361,,,,StaticLuZhangChang1
*,216,1,8.771456,-0.03015596,169.4716,0.1441477,344.8381,359.394,,,,StaticLuZhangChang1
*,216,1,1.894299,0.03280413,167.6139,0.4158246,344.8489,0.1657441,,,,StaticLuZhangChang1
*,216,1,-22.55013,0.2601892,172.2048,1.135454,336.8602,0.4653769,,,,StaticLuZhangChang1
*,216,1,-29.06277,0.262474,169.4206,1.135454,336.8651,0.465377,,,,StaticLuZhangChang1
*,216,1,-35.65596,0.2650296,166.593,1.129315,336.8704,0.4612145,,,,StaticLuZhangChang1
*,216,1,-55.37846,0.2725739,158.1567,1.129315,336.8704,0.4612145,,,,StaticLuZhangChang1
*,216,1,-48.61012,0.2732999,160.8837,1.129315,335.5,0.4612145,,,,StaticLuZhangChang1
*,216,1,-42.12171,0.2673603,163.8345,1.129315,336.8602,0.4612145,,,,StaticLuZhangChang1
*,216,1,-62.14672,0.2748658,155.2749,1.129123,336.8602,0.4616819,,,,StaticLuZhangChang1
*,216,1,-63.9366,0.2541655,149.2185,0,258.1,0,,,,StaticLuZhangChang1
*,216,1,-62.70255,0.2541667,141.746,0,262.4,0,,,,StaticLuZhangChang1
*,216,1,-15.31583,0.2935043,173.0945,1.182297,18.78001,359.8605,,,,StaticLuZhangChang1
*,216,1,12.21821,-0.03863173,197.3951,0,247.1918,0,,,,StaticLuZhangChang1
*,216,1,14.46844,-0.03863377,190.6174,0,247.1028,0,,,,StaticLuZhangChang1
*,216,1,17.63973,0.3511059,183.955,1.13786,247.0059,0.4664181,,,,StaticLuZhangChang1
*,216,1,139.0601,-0.2047478,-150.666,359.2237,176.9956,358.4147,,,,StaticLuZhangChang1
*,216,1,146.895,-0.4855482,-150.717,359.1534,176.9992,0.8590406,,,,StaticLuZhangChang1
*,216,1,154.7262,-0.4747032,-152.856,356.9536,207.5057,0.7470996,,,,StaticLuZhangChang1
*,216,1,264.052,-0.4720804,-146.7961,359.8603,86.12533,358.6409,,,,StaticLuZhangChang1
*,216,1,264.431,-0.49719,-153.9492,359.8824,86.36242,358.6432,,,,StaticLuZhangChang1
*,216,1,264.8627,-0.199821,-161.2393,1.676801,86.59998,358.0445,,,,StaticLuZhangChang1
*,216,1,-151.2559,-0.06051704,-102.0352,359.8662,230.5587,0.04163758,,,,StaticLuZhangChang1
*,216,1,-146.7758,-0.06930744,-107.4197,359.8879,230.3232,0.05975271,,,,StaticLuZhangChang1
*,216,1,-142.3446,-0.07527467,-112.8259,359.8843,230.1515,0.0592636,,,,StaticLuZhangChang1
*,216,1,128.3551,-4.880868,-322.2618,358.6914,88.70735,358.6708,,,,StaticLuZhangChang1
*,216,1,129.0535,-4.680504,-329.8686,0.4373436,88.69914,358.8573,,,,StaticLuZhangChang1
*,216,1,129.2046,-4.685281,-337.2437,359.8321,88.73555,358.7898,,,,StaticLuZhangChang1
*,216,1,-209.6953,-0.03876019,118.3998,0,61.52382,0,,,,StaticLuZhangChang1
*,216,1,-154.9791,-0.03865468,121.6605,0,66.89957,0,,,,StaticLuZhangChang1
*,216,1,-106.6881,-0.03864484,154.1112,0,73.78,0,,,,StaticLuZhangChang1
*,216,1,-267.7142,-0.03867065,68.89407,0,34.10925,0,,,,StaticLuZhangChang1
*,216,1,-240.4081,-0.03809635,-15.07385,0,320,0,,,,StaticLuZhangChang1
*,216,1,-208.0889,-0.03811126,-64.30263,0,320.0001,0,,,,StaticLuZhangChang1
*,216,1,170.9324,-0.222745,-165.8425,3.141303,259.9607,0.5356258,,,,StaticLuZhangChang1
*,216,1,172.8627,0.2545295,-174.2398,3.085089,259.3557,0.5670052,,,,StaticLuZhangChang1
*,216,1,-5.132082,0.08956992,165.7153,0.5913618,344.8561,359.5681,,,,StaticLuZhangChang1
*,216,1,20.37718,0.254026,177.5042,0,247.0059,0,,,,StaticLuZhangChang1
*,216,1,-70.52605,-0.049444,-244.3789,0,323.9709,0,,,,StaticLuZhangChang1
*,216,1,-64.60149,-0.04953138,-240.0604,0,323.9622,0,,,,StaticLuZhangChang1
*,216,1,-58.69887,-0.04877824,-235.756,0,324,0,,,,StaticLuZhangChang1
*,216,1,263.4181,-0.2357606,-139.5539,357.9611,85.28149,359.6903,,,,StaticLuZhangChang1
*,216,1,262.7345,-0.1314261,-132.1295,359.1403,84.93837,0.4741334,,,,StaticLuZhangChang1
*,216,1,259.5496,-0.4682511,-125.8909,0.9463958,29.05,359.8154,,,,StaticLuZhangChang1
*,216,1,265.4134,-0.2058499,-168.4467,357.3644,85.60009,357.8179,,,,StaticLuZhangChang1
*,216,1,9.459265,-0.03862975,203.9558,0,247.1918,0,,,,StaticLuZhangChang1
*,216,1,6.769453,0.03624675,210.352,0,247.1918,0,,,,StaticLuZhangChang1
*,216,1,15.4094,0.3007173,171.2786,359.4956,344.8381,0.5428038,,,,StaticLuZhangChang1
*,216,1,22.39332,0.07823831,173.1654,1.386449,344.8381,359.0459,,,,StaticLuZhangChang1
*,216,1,-61.68233,0.254167,134.0999,0,262.4,0,,,,StaticLuZhangChang1
*,216,1,-154.7521,0.2632858,-96.01099,358.7113,251.6,359.5176,,,,StaticLuZhangChang1
*,216,1,-53.01642,0.2317806,-231.6313,359.0531,324,1.557502,,,,StaticLuZhangChang1
*,216,1,-46.65834,0.3669862,-228.146,0.417464,340.2757,359.4361,,,,StaticLuZhangChang1
*,216,1,160.8838,-0.3215587,-156.0464,356.8705,207.4302,0.4246494,,,,StaticLuZhangChang1
*,216,1,167.5772,-0.2928161,-159.6105,1.080439,207.4303,0.08785632,,,,StaticLuZhangChang1
*,216,1,174.057,0.6185266,-182.1196,5.138933,259.5347,1.003929,,,,StaticLuZhangChang1
*,216,1,129.959,-0.15128,-150.3053,358.6556,187.8594,359.9776,,,,StaticLuZhangChang1
*,216,1,127.5265,-4.671189,-313.9255,358.6925,83.48312,358.6696,,,,StaticLuZhangChang1
*,216,1,126.4317,-4.12155,-305.2831,356.8583,79.04594,358.4832,,,,StaticLuZhangChang1
*,216,1,124.2877,-3.682389,-296.9377,357.6666,73.06548,358.5209,,,,StaticLuZhangChang1
*,216,1,121.987,-3.217254,-288.9641,354.9724,72.06252,1.366975,,,,StaticLuZhangChang1
*,216,1,275.8425,-0.04046296,-38.36178,0,176.9309,0,,,,StaticLuZhangChang2
*,216,0,-50.14639,1.749874,-207.9281,1.488625,54.99097,359.9061,0,-1,,
*,216,0,168.6411,0.05756319,-171.34,3.255214,230.7486,359.8566,0,0,30,
*,216,0,153.5834,0.7174482,-183.9962,2.91912,285.9496,0.8917158,0,1,20,
*,216,0,103.8009,-0.2426236,-174.7387,2.930093,253.9761,0.432449,0,2,50,
*,216,0,46.87637,0.06558323,-189.1547,2.930062,272.0869,0.4324542,0,3,30,
*,216,0,-7.201099,-0.1867576,-188.2344,2.956241,310.2289,0.09714202,0,4,0,
*,216,0,-110.2509,2.143241,147.0611,358.5288,248.1093,359.7537,1,-1,,
*,216,0,-242.4689,-0.03810048,-27.72633,7.871098E-08,322.3489,-8.722423E-08,1,0,40,
*,216,0,-267.1902,-0.03868413,6.751633,1.511889E-07,355.8238,9.876809E-08,1,1,50,
*,216,0,-276.0453,-0.0386672,72.8944,2.499575E-08,67.60217,1.62793E-07,1,2,50,
*,216,0,-203.632,-0.03790784,106.2916,5.832218E-08,63.08372,9.027993E-08,1,3,30,
*,216,0,-158.524,-0.03865075,132.5356,1.192171E-07,15.75604,5.423892E-08,1,4,0,
*,216,0,141.7598,1.63402,-179.097,1.488693,83.10001,359.906,2,-1,,
*,216,0,179.8899,-5.926625,-317.5592,358.5566,287.2611,359.8251,2,0,60,
*,216,0,157.9438,-5.271651,-309.8313,358.674,339.2913,358.691,2,1,30,
*,216,0,148.0279,-2.681954,-281.997,353.088,4.091868,359.1111,2,2,40,
*,216,0,154.4949,-0.1243423,-237.6832,358.9208,20.7038,0.3956687,2,3,50,
*,216,0,167.4463,-0.03741908,-207.343,358.1107,55.39972,359.5256,2,4,0,
*,216,0,-225.1893,2.142875,104.3444,358.5084,238.3232,0.007257027,3,-1,,
*,216,0,-218.6225,0.3796071,126.0617,0.3947675,209.2494,0.1595407,3,0,30,
*,216,0,-261.3752,0.3343025,59.39521,0.4984555,178.4747,1.19533,3,1,50,
*,216,0,-254.1452,-0.0380969,-21.51842,-5.281051E-08,123.7775,-5.191017E-08,3,2,50,
*,216,0,-180.5655,0.3581388,-64.09543,359.7598,166.2975,0.2462532,3,3,30,
*,216,0,-167.6799,-0.07717943,-110.5593,359.9297,118.4112,359.9368,3,4,0,
*,216,2,-1.020314,-0.03863331,192.1816,0,247.2,0,0,0,0,
*,216,2,-144.5436,-0.0984849,-127.2556,0,63.80001,0,0,1,0,
*,216,2,-32.759,-0.2362074,-194.0559,0.7738748,346.8,1.679881,0,2,0,
*,216,2,186.7515,-5.792414,-311.4187,358.536,346.8001,359.8281,0,3,0,
*,216,2,269.3083,-0.03823955,71.24745,0,330,0,0,4,0,
*,217,1,-50.34348,1.790351,-224.368,2.070146E-06,348.4616,180,,,,daoJu_daoLuZhiShi
*,217,1,-10.99681,1.401407,199.7482,1.017778E-13,338.7,180,,,,daoJu_daoLuZhiShi
*,217,1,7.419967,1.401407,206.9286,0,338.7,180,,,,daoJu_daoLuZhiShi
*,217,1,251.8444,1.792953,220.3835,0,251.7,0,,,,daoJu_daoLuZhiShi
*,217,1,244.2023,1.792953,238.3091,0,242,0,,,,daoJu_daoLuZhiShi
*,217,1,231.8756,1.792953,253.4608,0,220.2001,0,,,,daoJu_daoLuZhiShi
*,217,1,195.4534,1.792953,266.6451,0,181.0001,0,,,,daoJu_daoLuZhiShi
*,217,1,214.8025,1.792953,263.1171,0,199.6001,0,,,,daoJu_daoLuZhiShi
*,217,1,176.0256,1.792953,265.2173,0,170,0,,,,daoJu_daoLuZhiShi
*,217,1,285.8027,1.883978,-159.998,-7.244448E-07,173.4242,180,,,,daoJu_daoLuZhiShi
*,217,1,265.9349,1.883978,-160.84,0,181.74,180,,,,daoJu_daoLuZhiShi
*,217,1,-68.3979,1.790351,-231.8857,0,326.4688,180,,,,daoJu_daoLuZhiShi
*,217,1,-82.98871,1.790351,-229.6468,0,50.32053,180,,,,daoJu_daoLuZhiShi
*,217,1,104.2735,1.792953,-198.1845,0,174.1364,0,,,,daoJu_daoLuZhiShi
*,217,1,123.4124,1.792953,-194.5192,0,163.7222,0,,,,daoJu_daoLuZhiShi
*,217,1,140.8342,1.792953,-185.6873,0,141.6898,0,,,,daoJu_daoLuZhiShi
*,217,1,161.4452,1.792953,-152.8911,0,103.5643,0,,,,daoJu_daoLuZhiShi
*,217,1,153.8927,1.792953,-171.0513,0,121.7949,0,,,,daoJu_daoLuZhiShi
*,217,1,164.1713,1.792953,-133.6025,0,92.27241,0,,,,daoJu_daoLuZhiShi
*,217,1,135.7079,1.792953,-216.7686,0,286.8385,0,,,,daoJu_daoLuZhiShi
*,217,1,151.1645,1.792953,-180.3342,0,305.9659,0,,,,daoJu_daoLuZhiShi
*,217,1,141.9303,1.792953,-197.8329,0,289.6189,0,,,,daoJu_daoLuZhiShi
*,217,1,164.2829,1.792953,-165.5419,0,317.1872,0,,,,daoJu_daoLuZhiShi
*,217,1,179.2454,1.792953,-152.3675,0,320.138,0,,,,daoJu_daoLuZhiShi
*,217,1,195.9582,1.792953,-141.7358,0,334.8071,0,,,,daoJu_daoLuZhiShi
*,217,1,303.0477,1.883978,-152.1539,0,137.2705,180,,,,daoJu_daoLuZhiShi
*,217,1,86.55627,-0.03094783,-87.69746,0.07453178,219.7988,359.9525,,,,MoveLuZhang1
*,217,1,84.60271,-0.02679468,-89.64322,0.07453178,219.7988,359.9525,,,,MoveLuZhang1
*,217,1,82.66022,-0.0224828,-91.79523,0.09028491,219.8646,359.9778,,,,MoveLuZhang1
*,217,1,-1.989581,0.04955539,128.2749,359.6424,265.8607,0.02872706,,,,MoveLuZhang1
*,217,1,0.9077822,0.05161813,128.3727,359.6424,265.7952,0.02872704,,,,MoveLuZhang1
*,217,1,3.664498,0.05262672,128.3192,359.6421,265.7951,0.02769632,,,,MoveLuZhang1
*,217,1,84.63824,-0.03862257,227.6343,0,336.6434,0,,,,MoveLuZhang1
*,217,1,83.78429,-0.03862178,230.256,0,336.6434,0,,,,MoveLuZhang1
*,217,1,82.74133,-0.03862096,232.9608,0,336.709,0,,,,MoveLuZhang1
*,217,1,124.3767,-0.0386206,234.1272,0,336.6435,0,,,,MoveLuZhang1
*,217,1,123.5228,-0.03861979,236.7489,0,336.6435,0,,,,MoveLuZhang1
*,217,1,122.4798,-0.03861897,239.4537,0,336.709,0,,,,MoveLuZhang1
*,217,1,143.5794,-0.03861617,248.744,0,341.9305,0,,,,MoveLuZhang1
*,217,1,142.9706,-0.03861534,251.4331,0,341.9305,0,,,,MoveLuZhang1
*,217,1,142.1813,-0.03861452,254.2226,0,341.996,0,,,,MoveLuZhang1
*,217,1,164.0157,-0.03199018,-232.8025,0,283.5706,0,,,,MoveLuZhang1
*,217,1,161.407,-0.031621,-231.9101,0,283.5706,0,,,,MoveLuZhang1
*,217,1,158.6181,-0.03139647,-231.1188,0,283.6361,0,,,,MoveLuZhang1
*,217,1,-78.92007,-0.07363073,-222.5492,0,48.37649,0,,,,PoliceCar
*,217,1,-73.63188,-0.06969657,-223.604,0,357.5,0,,,,PoliceCar
*,217,1,80.29132,-0.03002799,-86.4236,0.09028491,43.70612,359.9778,,,,PoliceCar
*,217,1,-8.308465,-0.03850663,188.7077,0,89.7029,0,,,,PoliceCar
*,217,1,-7.473701,0.4189967,144.6591,0.077419,82.7345,358.2191,,,,StaticLuZhangChang1
*,217,1,-8.345379,0.4364984,151.7617,0.077419,82.72878,358.2191,,,,StaticLuZhangChang1
*,217,1,-9.278912,0.4558474,158.9207,0.07741889,82.7226,358.2191,,,,StaticLuZhangChang1
*,217,1,-12.97062,-0.03660544,173.0673,0,69.29031,0,,,,StaticLuZhangChang1
*,217,1,-15.21134,-0.03721663,179.8508,0,69.29517,0,,,,StaticLuZhangChang1
*,217,1,-17.7241,-0.03751609,186.4694,0,69.30054,0,,,,StaticLuZhangChang1
*,217,1,-17.78502,0.2541666,118.9483,0,128.5959,0,,,,StaticLuZhangChang1
*,217,1,-13.28238,0.2541655,124.5905,0,128.6008,0,,,,StaticLuZhangChang1
*,217,1,-8.543666,0.4065988,130.5416,359.6964,128.6061,358.6599,,,,StaticLuZhangChang1
*,217,1,-10.87679,0.3616779,166.3499,1.186322,74.03004,359.1609,,,,StaticLuZhangChang1
*,217,1,-188.1747,-0.04185883,-94.13667,0,138.1389,0,,,,StaticLuZhangChang1
*,217,1,-176.6698,-0.04239976,-83.82726,0,138.1438,0,,,,StaticLuZhangChang1
*,217,1,-171.4109,-0.042379,-79.10345,0,138.1491,0,,,,StaticLuZhangChang1
*,217,1,-142.3378,-0.07254525,-111.4413,359.8879,233.0582,0.05975269,,,,StaticLuZhangChang1
*,217,1,-147.1819,-0.0647121,-105.1004,359.8662,232.0264,0.04163759,,,,StaticLuZhangChang1
*,217,1,256.4466,-0.003633149,62.85175,0.4782754,84.27041,356.181,,,,StaticLuZhangChang1
*,217,1,255.6451,-0.01686739,70.82882,0.4782752,84.27534,356.181,,,,StaticLuZhangChang1
*,217,1,254.7853,-0.03221691,79.30941,0.2169657,84.28075,358.2581,,,,StaticLuZhangChang1
*,217,1,273.5901,-0.2214545,-165.2993,0,359.8638,0,,,,StaticLuZhangChang1
*,217,1,281.2721,-0.2719462,-165.2451,359.8242,359.8584,1.818351,,,,StaticLuZhangChang1
*,217,1,288.5303,-0.03801396,-165.2256,359.8286,359.8534,1.865671,,,,StaticLuZhangChang1
*,217,1,-182.6355,-0.04216791,-89.17178,0,138.1438,0,,,,StaticLuZhangChang1
*,217,1,-151.9585,-0.05365875,-98.87869,359.8662,233.0006,0.04163758,,,,StaticLuZhangChang1
*,217,1,-20.19836,-0.03863306,193.0176,0,69.30058,0,,,,StaticLuZhangChang1
*,217,1,-22.76131,0.254164,199.8004,0,69.30057,0,,,,StaticLuZhangChang1
*,217,1,-6.589648,0.3930804,137.7247,359.9458,82.73459,358.6754,,,,StaticLuZhangChang1
*,217,1,-22.20687,0.4321098,113.4083,359.7998,128.5959,359.4763,,,,StaticLuZhangChang1
*,217,1,295.355,0.4977531,-165.2088,359.8161,359.8534,3.455487,,,,StaticLuZhangChang1
*,217,1,302.7494,0.7603449,-165.1906,359.8386,359.8534,0.1013095,,,,StaticLuZhangChang1
*,217,1,309.9619,0.773148,-165.1729,359.8386,359.8534,0.1013095,,,,StaticLuZhangChang1
*,217,1,-67.70573,-0.0554776,-235.1863,0,323.5625,0,,,,StaticLuZhangChang1
*,217,1,-73.80633,0.2808867,-239.6902,0.993797,323.5626,358.6022,,,,StaticLuZhangChang1
*,217,1,-61.49681,-0.05423786,-230.6024,0,323.5626,0,,,,StaticLuZhangChang1
*,217,1,-53.59085,0.2864634,-227.4418,359.0324,344.2176,1.590142,,,,StaticLuZhangChang1
*,217,1,-45.48887,0.3418554,-226.2767,0.4174639,352.7965,359.4361,,,,StaticLuZhangChang1
*,217,1,169.8947,0.1214553,-142.1652,356.6782,279.3609,355.2084,,,,StaticLuZhangChang1
*,217,1,168.142,-0.2260496,-150.6539,356.6782,287.8066,355.2084,,,,StaticLuZhangChang1
*,217,1,164.9486,-0.3213851,-158.1974,1.297076,295.9383,0.3547988,,,,StaticLuZhangChang1
*,217,1,159.8358,-0.2033435,-166.3431,3.249283,304.4323,359.8637,,,,StaticLuZhangChang1
*,217,1,154.4947,0.186312,-173.4936,2.941885,306.2693,1.480596,,,,StaticLuZhangChang1
*,217,1,148.7674,0.4009577,-180.4366,3.363238,310.1792,1.890717,,,,StaticLuZhangChang1
*,217,1,142.3584,0.9540846,-187.2057,4.753728,318.8884,0.3320048,,,,StaticLuZhangChang1
*,217,1,134.6275,0.9957126,-192.4981,358.987,331.6331,359.8752,,,,StaticLuZhangChang1
*,217,1,126.1509,0.9464019,-196.3396,358.9837,336.3467,359.8667,,,,StaticLuZhangChang1
*,217,1,170.2364,-0.3389982,-156.9822,1.160884,128.9335,0.08121241,,,,StaticLuZhangChang1
*,217,1,176.034,-0.3071803,-149.7872,359.1508,131.4124,359.7357,,,,StaticLuZhangChang1
*,217,1,181.6178,-0.2277633,-142.8052,359.1841,131.6792,359.8874,,,,StaticLuZhangChang1
*,217,1,133.9229,0.5564864,-213.0618,358.1703,120.5993,359.1795,,,,StaticLuZhangChang1
*,217,1,141.6249,0.6832066,-193.1784,358.859,113.6774,0.2287893,,,,StaticLuZhangChang1
*,217,1,138.2891,0.7849343,-203.0336,358.8743,105.0994,359.7298,,,,StaticLuZhangChang1
*,217,1,267.5418,-0.2537001,-168.9374,359.8842,315.0944,0.4331131,,,,StaticLuZhangChang1
*,217,1,284.3574,-0.03854103,-24.53592,0,356.0685,0,,,,StaticLuZhangChang2
*,217,1,161.3973,0.5538154,-179.9173,3.153187,81.77001,359.8799,,,,TY_jianTouZhiShi
*,217,1,165.1783,0.1451158,-172.7269,3.255214,121.2,359.8566,,,,TY_jianTouZhiShi
*,217,1,172.0074,-0.1327779,-167.2986,3.141303,141.1,0.5356258,,,,TY_jianTouZhiShi
*,217,1,139.7276,0.002723671,-176.1781,2.967565,332.7,0.1382362,,,,TY_jianTouZhiShi
*,217,1,146.5476,-0.09263117,-171.8526,2.697002,294.4,1.447331,,,,TY_jianTouZhiShi
*,217,1,150.7893,-0.4143789,-163.2582,2.896985,271.5,1.314775,,,,TY_jianTouZhiShi
*,217,0,-58.53419,2.178728,-213.8053,1.488625,54.99097,359.9061,0,-1,,
*,217,0,149.9039,-0.1665869,-132.0666,359.2134,159.0777,0.9318122,0,0,30,
*,217,0,152.5594,-0.3890545,-150.7158,356.9536,211.1981,0.7470994,0,1,20,
*,217,0,149.8399,-0.3217313,-165.5189,2.896985,248.3871,1.314775,0,2,30,
*,217,0,109.5077,0.097579,-180.544,2.929891,262.6091,0.4324852,0,3,60,
*,217,0,-31.91004,-0.1999416,-194.893,0.7777821,263.9321,1.679843,0,4,30,
*,217,0,61.00501,1.185313,-59.47367,358.7726,348.0714,355.4186,1,-1,,
*,217,0,6.606792,0.01716602,122.3888,359.6435,174.2108,0.03066232,1,0,30,
*,217,0,8.242851,-0.1165653,93.4344,359.7992,161.0163,0.03143183,1,1,20,
*,217,0,23.90676,-0.1441686,59.85086,359.9469,145.5891,0.08015107,1,2,45,
*,217,0,50.29544,-0.1394892,24.16359,359.9614,170.9343,0.09457256,1,3,60,
*,217,0,58.51478,-1.124122,-26.12236,3.189674,175.7249,7.350791,1,4,30,
*,217,0,278.3124,1.893846,5.189014,358.8178,353.7614,356.4101,2,-1,,
*,217,0,254.9709,-0.4577595,-157.7147,3.686336,58.21514,351.1552,2,0,30,
*,217,0,277.9833,-0.3018812,-141.0795,359.8314,21.64783,1.804457,2,1,30,
*,217,0,287.1777,0.05002558,-117.996,359.9215,351.5388,1.865276,2,2,45,
*,217,0,278.4359,-0.407437,-88.97272,358.7531,356.9829,0.9181582,2,3,60,
*,217,0,276.2255,-0.03883553,-31.77876,-4.63738E-07,49.82866,-2.579953E-08,2,4,0,
*,217,2,-155.1478,-0.0955795,-118.9968,0,138.4,0,0,0,0,
*,217,2,151.0986,-0.5375099,-158.8718,359.1973,44.9001,0.8326782,0,1,0,
*,217,2,-0.234892,-0.03836174,180.452,0,346.8,0,0,2,0,
*,217,2,198.7245,-0.03861348,257.6324,0,0.8002868,0,0,3,0,
*,217,2,268.4109,-0.0384601,82.1013,0,0.8003137,0,0,4,0,
*,217,2,284.6366,-0.1103088,-147.3694,359.831,330,1.865801,0,5,0,
*,217,2,147.8828,-5.033267,-309.4837,358.6686,330,358.6903,0,6,0,
