,对应itemID,装备名称,等级限制,品节,强化最高等级,职业限制,装备位,固定属性1,固定属性1,固定属性2,固定属性2,固定属性3,固定属性3,固定属性4,固定属性4,模型ID,白品质,绿品质,蓝品质,紫品质,橙品质,红品质,普攻技能,武器类型,金条鉴定,品质方案
,STRING,STRING,INT,INT,INT,INT,INT,INT,INT,INT,INT,INT,INT,INT,INT,STRING,INT,INT,INT,INT,INT,INT,string,INT,INT,INT
*,ID,NAME,Lv,Class,UpgradeMaxLevel,Job,Position,Basestatus,BSValue,Status1,ES1V,Status2,ES2V,ExStatus,ExV,ModelId,DropId1,DropId2,DropId3,DropId4,DropId5,DropId6,BaseSkills,WeaponType,identify,QualityID
,BigSale武器,,,,,,,,,,,,,,,,此处ID与WeaponDrop表对应,,,,,,,,,
*,10407,LVL5武器,0,5,80,-1,0,1001,400,,,,,,,XD_H_WQ,10501,20501,30501,40501,40501,40501,101#102#103#104,0,0#0#2#5#10#20,1001
*,20407,LVL5武器,0,5,80,-1,0,1001,400,,,,,,,QJ_H_WQ,10502,20502,30502,40502,40502,40502,201#202#203#204,1,0#0#2#5#10#20,1001
*,30407,LVL5武器,0,5,80,-1,0,1001,400,,,,,,,NQS_H_WQ,10503,20503,30503,40503,40503,40503,301#302#303#304,2,0#0#2#5#10#20,1001
,普通装备-武器,,,,,,,,,,,,,,,,此处ID与WeaponDrop表对应,,,,,,,,,
*,10001,LVL1武器-械斗,0,1,80,-1,0,1001,180,,,,,,,XD_A_WQ,10101,20101,30101,40101,40101,40101,101#102#103#104,0,0#0#2#5#10#20,1001
*,10101,LVL2武器,0,2,80,-1,0,1001,300,,,,,,,XD_B_WQ,10201,20201,30201,40201,40201,40201,101#102#103#104,0,0#0#2#5#10#20,1001
*,10201,LVL3武器,0,3,80,-1,0,1001,486,,,,,,,XD_C_WQ,10301,20301,30301,40301,40301,40301,101#102#103#104,0,0#0#2#5#10#20,1001
*,10301,LVL4武器,0,4,80,-1,0,1001,732,,,,,,,XD_D_WQ,10401,20401,30401,40401,40401,40401,101#102#103#104,0,0#0#2#5#10#20,1001
*,10401,LVL5武器,0,5,80,-1,0,1001,1044,,,,,,,XD_E_WQ,10501,20501,30501,40501,40501,40501,101#102#103#104,0,0#0#2#5#10#20,1001
*,10501,LVL6武器,0,6,80,-1,0,1001,1416,,,,,,,XD_F_WQ,10601,20601,30601,40601,40601,40601,101#102#103#104,0,0#0#2#5#10#20,1001
*,10601,LVL7武器,0,7,80,-1,0,1001,1848,,,,,,,XD_G_WQ,10701,20701,30701,40701,40701,40701,101#102#103#104,0,0#0#2#5#10#20,1001
*,10701,LVL8武器,0,8,80,-1,0,1001,2340,,,,,,,XD_G_WQ,10801,20801,30801,40801,40801,40801,101#102#103#104,0,0#0#2#5#10#20,1001
*,20001,LVL1武器-拳击,0,1,80,-1,0,1001,180,,,,,,,QJ_A_WQ,10102,20102,30102,40102,40102,40102,201#202#203#204,1,0#0#2#5#10#20,1001
*,20101,LVL2武器,0,2,80,-1,0,1001,300,,,,,,,QJ_B_WQ,10202,20202,30202,40202,40202,40202,201#202#203#204,1,0#0#2#5#10#20,1001
*,20201,LVL3武器,0,3,80,-1,0,1001,486,,,,,,,QJ_C_WQ,10302,20302,30302,40302,40302,40302,201#202#203#204,1,0#0#2#5#10#20,1001
*,20301,LVL4武器,0,4,80,-1,0,1001,732,,,,,,,QJ_D_WQ,10402,20402,30402,40402,40402,40402,201#202#203#204,1,0#0#2#5#10#20,1001
*,20401,LVL5武器,0,5,80,-1,0,1001,1044,,,,,,,QJ_E_WQ,10502,20502,30502,40502,40502,40502,201#202#203#204,1,0#0#2#5#10#20,1001
*,20501,LVL6武器,0,6,80,-1,0,1001,1416,,,,,,,QJ_F_WQ,10602,20602,30602,40602,40602,40602,201#202#203#204,1,0#0#2#5#10#20,1001
*,20601,LVL7武器,0,7,80,-1,0,1001,1848,,,,,,,QJ_G_WQ,10702,20702,30702,40702,40702,40702,201#202#203#204,1,0#0#2#5#10#20,1001
*,20701,LVL8武器,0,8,80,-1,0,1001,2340,,,,,,,QJ_G_WQ,10802,20802,30802,40802,40802,40802,201#202#203#204,1,0#0#2#5#10#20,1001
*,30001,LVL1武器-枪手,0,1,80,-1,0,1001,180,,,,,,,NQS_A_WQ,10103,20103,30103,40103,40103,40103,301#302#303#304,2,0#0#2#5#10#20,1001
*,30101,LVL2武器,0,2,80,-1,0,1001,300,,,,,,,NQS_B_WQ,10203,20203,30203,40203,40203,40203,301#302#303#304,2,0#0#2#5#10#20,1001
*,30201,LVL3武器,0,3,80,-1,0,1001,486,,,,,,,NQS_C_WQ,10303,20303,30303,40303,40303,40303,301#302#303#304,2,0#0#2#5#10#20,1001
*,30301,LVL4武器,0,4,80,-1,0,1001,732,,,,,,,NQS_D_WQ,10403,20403,30403,40403,40403,40403,301#302#303#304,2,0#0#2#5#10#20,1001
*,30401,LVL5武器,0,5,80,-1,0,1001,1044,,,,,,,NQS_E_WQ,10503,20503,30503,40503,40503,40503,301#302#303#304,2,0#0#2#5#10#20,1001
*,30501,LVL6武器,0,6,80,-1,0,1001,1416,,,,,,,NQS_F_WQ,10603,20603,30603,40603,40603,40603,301#302#303#304,2,0#0#2#5#10#20,1001
*,30601,LVL7武器,0,7,80,-1,0,1001,1848,,,,,,,NQS_G_WQ,10703,20703,30703,40703,40703,40703,301#302#303#304,2,0#0#2#5#10#20,1001
*,30701,LVL8武器,0,8,80,-1,0,1001,2340,,,,,,,NQS_G_WQ,10803,20803,30803,40803,40803,40803,301#302#303#304,2,0#0#2#5#10#20,1001
,普通装备-械斗,,,,,,,,,,,,,,,,此处ID与EquipDrop表对应,,,1000,,,,,,
*,10002,LVL1头盔,0,1,80,0,1,1003,48,,,,,,,XD_A_T,11001,12001,13001,14001,14001,14001,,,0#0#2#5#10#20,1001
*,10003,LVL1上衣,0,1,80,0,2,1002,7560,,,,,,,XD_A_S,11001,12001,13001,14001,14001,14001,,,0#0#2#5#10#20,1001
*,10004,LVL1裤子,0,1,80,0,3,1004,408,1005,48,,,,,XD_A_X,11001,12001,13001,14001,14001,14001,,,0#0#2#5#10#20,1001
*,10005,LVL1腰带,0,1,80,0,4,1006,192,1007,24,,,,,,11001,12001,13001,14001,14001,14001,,,0#0#2#5#10#20,1001
*,10006,LVL1项链,0,1,80,0,5,1001,140,,,,,,,,11001,12001,13001,14001,14001,14001,,,0#0#2#5#10#20,1001
*,10102,LVL2头盔,0,2,80,0,1,1003,84,,,,,,,XD_B_T,11011,12011,13011,14011,14011,14011,,,0#0#2#5#10#20,1011
*,10103,LVL2上衣,0,2,80,0,2,1002,12792,,,,,,,XD_B_S,11011,12011,13011,14011,14011,14011,,,0#0#2#5#10#20,1011
*,10104,LVL2裤子,0,2,80,0,3,1004,696,1005,84,,,,,XD_B_X,11011,12011,13011,14011,14011,14011,,,0#0#2#5#10#20,1011
*,10105,LVL2腰带,0,2,80,0,4,1006,336,1007,36,,,,,,11011,12011,13011,14011,14011,14011,,,0#0#2#5#10#20,1011
*,10106,LVL2项链,0,2,80,0,5,1001,239,,,,,,,,11011,12011,13011,14011,14011,14011,,,0#0#2#5#10#20,1011
*,10202,LVL3头盔,0,3,80,0,1,1003,144,,,,,,,XD_C_T,11021,12021,13021,14021,14021,14021,,,0#0#2#5#10#20,1021
*,10203,LVL3上衣,0,3,80,0,2,1002,20628,,,,,,,XD_C_S,11021,12021,13021,14021,14021,14021,,,0#0#2#5#10#20,1021
*,10204,LVL3裤子,0,3,80,0,3,1004,1128,1005,132,,,,,XD_C_X,11021,12021,13021,14021,14021,14021,,,0#0#2#5#10#20,1021
*,10205,LVL3腰带,0,3,80,0,4,1006,540,1007,60,,,,,,11021,12021,13021,14021,14021,14021,,,0#0#2#5#10#20,1021
*,10206,LVL3项链,0,3,80,0,5,1001,510,,,,,,,,11021,12021,13021,14021,14021,14021,,,0#0#2#5#10#20,1021
*,10302,LVL4头盔,0,4,80,0,1,1003,204,,,,,,,XD_D_T,11031,12031,13031,14031,14031,14031,,,0#0#2#5#10#20,1031
*,10303,LVL4上衣,0,4,80,0,2,1002,31080,,,,,,,XD_D_S,11031,12031,13031,14031,14031,14031,,,0#0#2#5#10#20,1031
*,10304,LVL4裤子,0,4,80,0,3,1004,1692,1005,204,,,,,XD_D_X,11031,12031,13031,14031,14031,14031,,,0#0#2#5#10#20,1031
*,10305,LVL4腰带,0,4,80,0,4,1006,804,1007,96,,,,,,11031,12031,13031,14031,14031,14031,,,0#0#2#5#10#20,1031
*,10306,LVL4项链,0,4,80,0,5,1001,774,,,,,,,,11031,12031,13031,14031,14031,14031,,,0#0#2#5#10#20,1031
*,10402,LVL5头盔,0,5,80,0,1,1003,300,,,,,,,XD_E_T,11041,12041,13041,14041,14041,14041,,,0#0#2#5#10#20,1041
*,10403,LVL5上衣,0,5,80,0,2,1002,44136,,,,,,,XD_E_S,11041,12041,13041,14041,14041,14041,,,0#0#2#5#10#20,1041
*,10404,LVL5裤子,0,5,80,0,3,1004,2412,1005,276,,,,,XD_E_X,11041,12041,13041,14041,14041,14041,,,0#0#2#5#10#20,1041
*,10405,LVL5腰带,0,5,80,0,4,1006,1152,1007,144,,,,,,11041,12041,13041,14041,14041,14041,,,0#0#2#5#10#20,1041
*,10406,LVL5项链,0,5,80,0,5,1001,1098,,,,,,,,11041,12041,13041,14041,14041,14041,,,0#0#2#5#10#20,1041
*,10502,LVL6头盔,0,6,80,0,1,1003,408,,,,,,,XD_F_T,11051,12051,13051,14051,14051,14051,,,0#0#2#5#10#20,1051
*,10503,LVL6上衣,0,6,80,0,2,1002,59808,,,,,,,XD_F_S,11051,12051,13051,14051,14051,14051,,,0#0#2#5#10#20,1051
*,10504,LVL6裤子,0,6,80,0,3,1004,3264,1005,384,,,,,XD_F_X,11051,12051,13051,14051,14051,14051,,,0#0#2#5#10#20,1051
*,10505,LVL6腰带,0,6,80,0,4,1006,1548,1007,192,,,,,,11051,12051,13051,14051,14051,14051,,,0#0#2#5#10#20,1051
*,10506,LVL6项链,0,6,80,0,5,1001,1488,,,,,,,,11051,12051,13051,14051,14051,14051,,,0#0#2#5#10#20,1051
*,10602,LVL7头盔,0,7,80,0,1,1003,528,,,,,,,XD_G_T,11061,12061,13061,14061,14061,14061,,,0#0#2#5#10#20,1061
*,10603,LVL7上衣,0,7,80,0,2,1002,78096,,,,,,,XD_G_S,11061,12061,13061,14061,14061,14061,,,0#0#2#5#10#20,1061
*,10604,LVL7裤子,0,7,80,0,3,1004,4260,1005,504,,,,,XD_G_X,11061,12061,13061,14061,14061,14061,,,0#0#2#5#10#20,1061
*,10605,LVL7腰带,0,7,80,0,4,1006,2028,1007,252,,,,,,11061,12061,13061,14061,14061,14061,,,0#0#2#5#10#20,1061
*,10606,LVL7项链,0,7,80,0,5,1001,1938,,,,,,,,11061,12061,13061,14061,14061,14061,,,0#0#2#5#10#20,1061
*,10702,LVL8头盔,0,8,80,0,1,1003,672,,,,,,,XD_G_T,11071,12071,13071,14071,14071,14071,,,0#0#2#5#10#20,1071
*,10703,LVL8上衣,0,8,80,0,2,1002,99000,,,,,,,XD_G_S,11071,12071,13071,14071,14071,14071,,,0#0#2#5#10#20,1071
*,10704,LVL8裤子,0,8,80,0,3,1004,5400,1005,636,,,,,XD_G_X,11071,12071,13071,14071,14071,14071,,,0#0#2#5#10#20,1071
*,10705,LVL8腰带,0,8,80,0,4,1006,2568,1007,312,,,,,,11071,12071,13071,14071,14071,14071,,,0#0#2#5#10#20,1071
*,10706,LVL8项链,0,8,80,0,5,1001,2460,,,,,,,,11071,12071,13071,14071,14071,14071,,,0#0#2#5#10#20,1071
,普通装备-拳击,,,,,,,,,,,,,,,,10000,,,,,,,,,
*,20002,LVL1头盔,0,1,80,1,1,1003,84,,,,,,,QJ_A_T,21001,22001,23001,24001,24001,24001,,,0#0#2#5#10#20,1001
*,20003,LVL1上衣,0,1,80,1,2,1002,8256,,,,,,,QJ_A_S,21001,22001,23001,24001,24001,24001,,,0#0#2#5#10#20,1001
*,20004,LVL1裤子,0,1,80,1,3,1004,264,1005,48,,,,,QJ_A_X,21001,22001,23001,24001,24001,24001,,,0#0#2#5#10#20,1001
*,20005,LVL1腰带,0,1,80,1,4,1006,120,1007,24,,,,,,21001,22001,23001,24001,24001,24001,,,0#0#2#5#10#20,1001
*,20006,LVL1项链,0,1,80,1,5,1001,135,,,,,,,,21001,22001,23001,24001,24001,24001,,,0#0#2#5#10#20,1001
*,20102,LVL2头盔,0,2,80,1,1,1003,132,,,,,,,QJ_B_T,21011,22011,23011,24011,24011,24011,,,0#0#2#5#10#20,1011
*,20103,LVL2上衣,0,2,80,1,2,1002,13956,,,,,,,QJ_B_S,21011,22011,23011,24011,24011,24011,,,0#0#2#5#10#20,1011
*,20104,LVL2裤子,0,2,80,1,3,1004,444,1005,84,,,,,QJ_B_X,21011,22011,23011,24011,24011,24011,,,0#0#2#5#10#20,1011
*,20105,LVL2腰带,0,2,80,1,4,1006,192,1007,36,,,,,,21011,22011,23011,24011,24011,24011,,,0#0#2#5#10#20,1011
*,20106,LVL2项链,0,2,80,1,5,1001,225,,,,,,,,21011,22011,23011,24011,24011,24011,,,0#0#2#5#10#20,1011
*,20202,LVL3头盔,0,3,80,1,1,1003,216,,,,,,,QJ_C_T,21021,22021,23021,24021,24021,24021,,,0#0#2#5#10#20,1021
*,20203,LVL3上衣,0,3,80,1,2,1002,22500,,,,,,,QJ_C_S,21021,22021,23021,24021,24021,24021,,,0#0#2#5#10#20,1021
*,20204,LVL3裤子,0,3,80,1,3,1004,708,1005,132,,,,,QJ_C_X,21021,22021,23021,24021,24021,24021,,,0#0#2#5#10#20,1021
*,20205,LVL3腰带,0,3,80,1,4,1006,312,1007,60,,,,,,21021,22021,23021,24021,24021,24021,,,0#0#2#5#10#20,1021
*,20206,LVL3项链,0,3,80,1,5,1001,486,,,,,,,,21021,22021,23021,24021,24021,24021,,,0#0#2#5#10#20,1021
*,20302,LVL4头盔,0,4,80,1,1,1003,336,,,,,,,QJ_D_T,21031,22031,23031,24031,24031,24031,,,0#0#2#5#10#20,1031
*,20303,LVL4上衣,0,4,80,1,2,1002,33900,,,,,,,QJ_D_S,21031,22031,23031,24031,24031,24031,,,0#0#2#5#10#20,1031
*,20304,LVL4裤子,0,4,80,1,3,1004,1068,1005,204,,,,,QJ_D_X,21031,22031,23031,24031,24031,24031,,,0#0#2#5#10#20,1031
*,20305,LVL4腰带,0,4,80,1,4,1006,468,1007,96,,,,,,21031,22031,23031,24031,24031,24031,,,0#0#2#5#10#20,1031
*,20306,LVL4项链,0,4,80,1,5,1001,732,,,,,,,,21031,22031,23031,24031,24031,24031,,,0#0#2#5#10#20,1031
*,20402,LVL5头盔,0,5,80,1,1,1003,468,,,,,,,QJ_E_T,21041,22041,23041,24041,24041,24041,,,0#0#2#5#10#20,1041
*,20403,LVL5上衣,0,5,80,1,2,1002,48156,,,,,,,QJ_E_S,21041,22041,23041,24041,24041,24041,,,0#0#2#5#10#20,1041
*,20404,LVL5裤子,0,5,80,1,3,1004,1512,1005,276,,,,,QJ_E_X,21041,22041,23041,24041,24041,24041,,,0#0#2#5#10#20,1041
*,20405,LVL5腰带,0,5,80,1,4,1006,672,1007,144,,,,,,21041,22041,23041,24041,24041,24041,,,0#0#2#5#10#20,1041
*,20406,LVL5项链,0,5,80,1,5,1001,1044,,,,,,,,21041,22041,23041,24041,24041,24041,,,0#0#2#5#10#20,1041
*,20502,LVL6头盔,0,6,80,1,1,1003,636,,,,,,,QJ_F_T,21051,22051,23051,24051,24051,24051,,,0#0#2#5#10#20,1051
*,20503,LVL6上衣,0,6,80,1,2,1002,65256,,,,,,,QJ_F_S,21051,22051,23051,24051,24051,24051,,,0#0#2#5#10#20,1051
*,20504,LVL6裤子,0,6,80,1,3,1004,2052,1005,384,,,,,QJ_F_X,21051,22051,23051,24051,24051,24051,,,0#0#2#5#10#20,1051
*,20505,LVL6腰带,0,6,80,1,4,1006,912,1007,192,,,,,,21051,22051,23051,24051,24051,24051,,,0#0#2#5#10#20,1051
*,20506,LVL6项链,0,6,80,1,5,1001,1416,,,,,,,,21051,22051,23051,24051,24051,24051,,,0#0#2#5#10#20,1051
*,20602,LVL7头盔,0,7,80,1,1,1003,840,,,,,,,QJ_G_T,21061,22061,23061,24061,24061,24061,,,0#0#2#5#10#20,1061
*,20603,LVL7上衣,0,7,80,1,2,1002,85200,,,,,,,QJ_G_S,21061,22061,23061,24061,24061,24061,,,0#0#2#5#10#20,1061
*,20604,LVL7裤子,0,7,80,1,3,1004,2688,1005,504,,,,,QJ_G_X,21061,22061,23061,24061,24061,24061,,,0#0#2#5#10#20,1061
*,20605,LVL7腰带,0,7,80,1,4,1006,1188,1007,252,,,,,,21061,22061,23061,24061,24061,24061,,,0#0#2#5#10#20,1061
*,20606,LVL7项链,0,7,80,1,5,1001,1848,,,,,,,,21061,22061,23061,24061,24061,24061,,,0#0#2#5#10#20,1061
*,20702,LVL8头盔,0,8,80,1,1,1003,1056,,,,,,,QJ_G_T,21071,22071,23071,24071,24071,24071,,,0#0#2#5#10#20,1071
*,20703,LVL8上衣,0,8,80,1,2,1002,108000,,,,,,,QJ_G_S,21071,22071,23071,24071,24071,24071,,,0#0#2#5#10#20,1071
*,20704,LVL8裤子,0,8,80,1,3,1004,3396,1005,636,,,,,QJ_G_X,21071,22071,23071,24071,24071,24071,,,0#0#2#5#10#20,1071
*,20705,LVL8腰带,0,8,80,1,4,1006,1500,1007,312,,,,,,21071,22071,23071,24071,24071,24071,,,0#0#2#5#10#20,1071
*,20706,LVL8项链,0,8,80,1,5,1001,2340,,,,,,,,21071,22071,23071,24071,24071,24071,,,0#0#2#5#10#20,1071
,普通装备-枪手,,,,,,,,,,,,,,,,,,,,,,,,,
*,30002,LVL1头盔,0,1,80,2,1,1003,36,,,,,,,NQS_A_T,31001,32001,33001,34001,34001,34001,,,0#0#2#5#10#20,1001
*,30003,LVL1上衣,0,1,80,2,2,1002,5088,,,,,,,NQS_A_S,31001,32001,33001,34001,34001,34001,,,0#0#2#5#10#20,1001
*,30004,LVL1裤子,0,1,80,2,3,1004,876,1005,48,,,,,NQS_A_X,31001,32001,33001,34001,34001,34001,,,0#0#2#5#10#20,1001
*,30005,LVL1腰带,0,1,80,2,4,1006,300,1007,24,,,,,,31001,32001,33001,34001,34001,34001,,,0#0#2#5#10#20,1001
*,30006,LVL1项链,0,1,80,2,5,1001,198,,,,,,,,31001,32001,33001,34001,34001,34001,,,0#0#2#5#10#20,1001
*,30102,LVL2头盔,0,2,80,2,1,1003,72,,,,,,,NQS_B_T,31011,32011,33011,34011,34011,34011,,,0#0#2#5#10#20,1011
*,30103,LVL2上衣,0,2,80,2,2,1002,8604,,,,,,,NQS_B_S,31011,32011,33011,34011,34011,34011,,,0#0#2#5#10#20,1011
*,30104,LVL2裤子,0,2,80,2,3,1004,1476,1005,84,,,,,NQS_B_X,31011,32011,33011,34011,34011,34011,,,0#0#2#5#10#20,1011
*,30105,LVL2腰带,0,2,80,2,4,1006,516,1007,36,,,,,,31011,32011,33011,34011,34011,34011,,,0#0#2#5#10#20,1011
*,30106,LVL2项链,0,2,80,2,5,1001,333,,,,,,,,31011,32011,33011,34011,34011,34011,,,0#0#2#5#10#20,1011
*,30202,LVL3头盔,0,3,80,2,1,1003,108,,,,,,,NQS_C_T,31021,32021,33021,34021,34021,34021,,,0#0#2#5#10#20,1021
*,30203,LVL3上衣,0,3,80,2,2,1002,13872,,,,,,,NQS_C_S,31021,32021,33021,34021,34021,34021,,,0#0#2#5#10#20,1021
*,30204,LVL3裤子,0,3,80,2,3,1004,2376,1005,132,,,,,NQS_C_X,31021,32021,33021,34021,34021,34021,,,0#0#2#5#10#20,1021
*,30205,LVL3腰带,0,3,80,2,4,1006,828,1007,60,,,,,,31021,32021,33021,34021,34021,34021,,,0#0#2#5#10#20,1021
*,30206,LVL3项链,0,3,80,2,5,1001,714,,,,,,,,31021,32021,33021,34021,34021,34021,,,0#0#2#5#10#20,1021
*,30302,LVL4头盔,0,4,80,2,1,1003,168,,,,,,,NQS_D_T,31031,32031,33031,34031,34031,34031,,,0#0#2#5#10#20,1031
*,30303,LVL4上衣,0,4,80,2,2,1002,20904,,,,,,,NQS_D_S,31031,32031,33031,34031,34031,34031,,,0#0#2#5#10#20,1031
*,30304,LVL4裤子,0,4,80,2,3,1004,3576,1005,204,,,,,NQS_D_X,31031,32031,33031,34031,34031,34031,,,0#0#2#5#10#20,1031
*,30305,LVL4腰带,0,4,80,2,4,1006,1260,1007,96,,,,,,31031,32031,33031,34031,34031,34031,,,0#0#2#5#10#20,1031
*,30306,LVL4项链,0,4,80,2,5,1001,1074,,,,,,,,31031,32031,33031,34031,34031,34031,,,0#0#2#5#10#20,1031
*,30402,LVL5头盔,0,5,80,2,1,1003,228,,,,,,,NQS_E_T,31041,32041,33041,34041,34041,34041,,,0#0#2#5#10#20,1041
*,30403,LVL5上衣,0,5,80,2,2,1002,29688,,,,,,,NQS_E_S,31041,32041,33041,34041,34041,34041,,,0#0#2#5#10#20,1041
*,30404,LVL5裤子,0,5,80,2,3,1004,5088,1005,276,,,,,NQS_E_X,31041,32041,33041,34041,34041,34041,,,0#0#2#5#10#20,1041
*,30405,LVL5腰带,0,5,80,2,4,1006,1788,1007,144,,,,,,31041,32041,33041,34041,34041,34041,,,0#0#2#5#10#20,1041
*,30406,LVL5项链,0,5,80,2,5,1001,1524,,,,,,,,31041,32041,33041,34041,34041,34041,,,0#0#2#5#10#20,1041
*,30502,LVL6头盔,0,6,80,2,1,1003,312,,,,,,,NQS_F_T,31051,32051,33051,34051,34051,34051,,,0#0#2#5#10#20,1051
*,30503,LVL6上衣,0,6,80,2,2,1002,40236,,,,,,,NQS_F_S,31051,32051,33051,34051,34051,34051,,,0#0#2#5#10#20,1051
*,30504,LVL6裤子,0,6,80,2,3,1004,6888,1005,384,,,,,NQS_F_X,31051,32051,33051,34051,34051,34051,,,0#0#2#5#10#20,1051
*,30505,LVL6腰带,0,6,80,2,4,1006,2412,1007,192,,,,,,31051,32051,33051,34051,34051,34051,,,0#0#2#5#10#20,1051
*,30506,LVL6项链,0,6,80,2,5,1001,2064,,,,,,,,31051,32051,33051,34051,34051,34051,,,0#0#2#5#10#20,1051
*,30602,LVL7头盔,0,7,80,2,1,1003,408,,,,,,,NQS_G_T,31061,32061,33061,34061,34061,34061,,,0#0#2#5#10#20,1061
*,30603,LVL7上衣,0,7,80,2,2,1002,52536,,,,,,,NQS_G_S,31061,32061,33061,34061,34061,34061,,,0#0#2#5#10#20,1061
*,30604,LVL7裤子,0,7,80,2,3,1004,8988,1005,504,,,,,NQS_G_X,31061,32061,33061,34061,34061,34061,,,0#0#2#5#10#20,1061
*,30605,LVL7腰带,0,7,80,2,4,1006,3156,1007,252,,,,,,31061,32061,33061,34061,34061,34061,,,0#0#2#5#10#20,1061
*,30606,LVL7项链,0,7,80,2,5,1001,2700,,,,,,,,31061,32061,33061,34061,34061,34061,,,0#0#2#5#10#20,1061
*,30702,LVL8头盔,0,8,80,2,1,1003,516,,,,,,,NQS_G_T,31071,32071,33071,34071,34071,34071,,,0#0#2#5#10#20,1071
*,30703,LVL8上衣,0,8,80,2,2,1002,66600,,,,,,,NQS_G_S,31071,32071,33071,34071,34071,34071,,,0#0#2#5#10#20,1071
*,30704,LVL8裤子,0,8,80,2,3,1004,11400,1005,636,,,,,NQS_G_X,31071,32071,33071,34071,34071,34071,,,0#0#2#5#10#20,1071
*,30705,LVL8腰带,0,8,80,2,4,1006,3996,1007,312,,,,,,31071,32071,33071,34071,34071,34071,,,0#0#2#5#10#20,1071
*,30706,LVL8项链,0,8,80,2,5,1001,3420,,,,,,,,31071,32071,33071,34071,34071,34071,,,0#0#2#5#10#20,1071
,永久时装,,,,,,,,,,,,,,,,,,,,,,,,,
*,40101,XD_LV1_武器,0,3,0,-1,0,1008,150,1009,100,,,,,XD_GXSZ_01_WQ,,,,,,,,0,,
*,40201,XD_LV2_武器,0,3,0,-1,0,1008,150,1009,100,,,,,XD_GXSZ_02_WQ,,,,,,,,0,,
*,40301,XD_LV3_武器,0,3,0,-1,0,1008,150,1009,100,,,,,XD_SZ_01_WQ,,,,,,,,0,,
*,40401,XD_LV4_武器,0,3,0,-1,0,1008,150,1009,100,,,,,XD_SZ_02_WQ,,,,,,,,0,,
*,40501,XD_LV5_武器,0,3,0,-1,0,1008,150,1009,100,,,,,XD_SZ_03_WQ,,,,,,,,0,,
*,41101,QJ_LV1_武器,0,3,0,-1,0,1008,150,1009,100,,,,,QJ_GXSZ_01_WQ,,,,,,,,1,,
*,41201,QJ_LV2_武器,0,3,0,-1,0,1008,150,1009,100,,,,,QJ_GXSZ_02_WQ,,,,,,,,1,,
*,41301,QJ_LV3_武器,0,3,0,-1,0,1008,150,1009,100,,,,,QJ_SZ_01_WQ,,,,,,,,1,,
*,41401,QJ_LV4_武器,0,3,0,-1,0,1008,150,1009,100,,,,,QJ_SZ_02_WQ,,,,,,,,1,,
*,41501,QJ_LV5_武器,0,3,0,-1,0,1008,150,1009,100,,,,,QJ_SZ_03_WQ,,,,,,,,1,,
*,42101,NQS_LV1_武器,0,3,0,-1,0,1008,150,1009,100,,,,,NQS_GXSZ_01_WQ,,,,,,,,2,,
*,42201,NQS_LV2_武器,0,3,0,-1,0,1008,150,1009,100,,,,,NQS_GXSZ_02_WQ,,,,,,,,2,,
*,42301,NQS_LV3_武器,0,3,0,-1,0,1008,150,1009,100,,,,,NQS_SZ_01_WQ,,,,,,,,2,,
*,42401,NQS_LV4_武器,0,3,0,-1,0,1008,150,1009,100,,,,,NQS_SZ_02_WQ,,,,,,,,2,,
*,42501,NQS_LV5_武器,0,3,0,-1,0,1008,150,1009,100,,,,,NQS_SZ_03_WQ,,,,,,,,2,,
*,40102,XD_LV1_上衣,0,3,0,0,2,1009,100,1012,2000,,,,,XD_GXSZ_01_S,,,,,,,,,,
*,40202,XD_LV2_上衣,0,3,0,0,2,1009,100,1012,2000,,,,,XD_GXSZ_02_S,,,,,,,,,,
*,40302,XD_LV3_上衣,0,3,0,0,2,1009,100,1012,2000,,,,,XD_SZ_01_S,,,,,,,,,,
*,40402,XD_LV4_上衣,0,3,0,0,2,1009,100,1012,2000,,,,,XD_SZ_02_S,,,,,,,,,,
*,40502,XD_LV5_上衣,0,3,0,0,2,1009,100,1012,2000,,,,,XD_SZ_03_S,,,,,,,,,,
*,40103,XD_LV1_裤子,0,3,0,0,3,1008,150,1009,100,,,,,XD_GXSZ_01_X,,,,,,,,,,
*,40203,XD_LV2_裤子,0,3,0,0,3,1008,150,1009,100,,,,,XD_GXSZ_02_X,,,,,,,,,,
*,40303,XD_LV3_裤子,0,3,0,0,3,1008,150,1009,100,,,,,XD_SZ_01_X,,,,,,,,,,
*,40403,XD_LV4_裤子,0,3,0,0,3,1008,150,1009,100,,,,,XD_SZ_02_X,,,,,,,,,,
*,40503,XD_LV5_裤子,0,3,0,0,3,1008,150,1009,100,,,,,XD_SZ_03_X,,,,,,,,,,
*,40104,XD_LV1_头部,0,3,0,0,1,1009,100,1013,2000,,,,,XD_GXSZ_01_T,,,,,,,,,,
*,40204,XD_LV2_头部,0,3,0,0,1,1009,100,1013,2000,,,,,XD_GXSZ_02_T,,,,,,,,,,
*,40304,XD_LV3_头部,0,3,0,0,1,1009,100,1013,2000,,,,,XD_SZ_01_T,,,,,,,,,,
*,40404,XD_LV4_头部,0,3,0,0,1,1009,100,1013,2000,,,,,XD_SZ_02_T,,,,,,,,,,
*,40504,XD_LV5_头部,0,3,0,0,1,1009,100,1013,2000,,,,,XD_SZ_03_T,,,,,,,,,,
*,41102,QJ_LV1_上衣,0,3,0,1,2,1009,100,1012,2000,,,,,QJ_GXSZ_01_S,,,,,,,,,,
*,41202,QJ_LV2_上衣,0,3,0,1,2,1009,100,1012,2000,,,,,QJ_GXSZ_02_S,,,,,,,,,,
*,41302,QJ_LV3_上衣,0,3,0,1,2,1009,100,1012,2000,,,,,QJ_SZ_01_S,,,,,,,,,,
*,41402,QJ_LV4_上衣,0,3,0,1,2,1009,100,1012,2000,,,,,QJ_SZ_02_S,,,,,,,,,,
*,41502,QJ_LV5_上衣,0,3,0,1,2,1009,100,1012,2000,,,,,QJ_SZ_03_S,,,,,,,,,,
*,41103,QJ_LV1_裤子,0,3,0,1,3,1008,150,1009,100,,,,,QJ_GXSZ_01_X,,,,,,,,,,
*,41203,QJ_LV2_裤子,0,3,0,1,3,1008,150,1009,100,,,,,QJ_GXSZ_02_X,,,,,,,,,,
*,41303,QJ_LV3_裤子,0,3,0,1,3,1008,150,1009,100,,,,,QJ_SZ_01_X,,,,,,,,,,
*,41403,QJ_LV4_裤子,0,3,0,1,3,1008,150,1009,100,,,,,QJ_SZ_02_X,,,,,,,,,,
*,41503,QJ_LV5_裤子,0,3,0,1,3,1008,150,1009,100,,,,,QJ_SZ_03_X,,,,,,,,,,
*,41104,QJ_LV1_头部,0,3,0,1,1,1009,100,1013,2000,,,,,QJ_GXSZ_01_T,,,,,,,,,,
*,41204,QJ_LV2_头部,0,3,0,1,1,1009,100,1013,2000,,,,,QJ_GXSZ_02_T,,,,,,,,,,
*,41304,QJ_LV3_头部,0,3,0,1,1,1009,100,1013,2000,,,,,QJ_SZ_01_T,,,,,,,,,,
*,41404,QJ_LV4_头部,0,3,0,1,1,1009,100,1013,2000,,,,,QJ_SZ_02_T,,,,,,,,,,
*,41504,QJ_LV5_头部,0,3,0,1,1,1009,100,1013,2000,,,,,QJ_SZ_03_T,,,,,,,,,,
*,42102,NQS_LV1_上衣,0,3,0,2,2,1009,100,1012,2000,,,,,NQS_GXSZ_01_S,,,,,,,,,,
*,42202,NQS_LV2_上衣,0,3,0,2,2,1009,100,1012,2000,,,,,NQS_GXSZ_02_S,,,,,,,,,,
*,42302,NQS_LV3_上衣,0,3,0,2,2,1009,100,1012,2000,,,,,NQS_SZ_01_S,,,,,,,,,,
*,42402,NQS_LV4_上衣,0,3,0,2,2,1009,100,1012,2000,,,,,NQS_SZ_02_S,,,,,,,,,,
*,42502,NQS_LV5_上衣,0,3,0,2,2,1009,100,1012,2000,,,,,NQS_SZ_03_S,,,,,,,,,,
*,42103,NQS_LV1_裤子,0,3,0,2,3,1008,150,1009,100,,,,,NQS_GXSZ_01_X,,,,,,,,,,
*,42203,NQS_LV2_裤子,0,3,0,2,3,1008,150,1009,100,,,,,NQS_GXSZ_02_X,,,,,,,,,,
*,42303,NQS_LV3_裤子,0,3,0,2,3,1008,150,1009,100,,,,,NQS_SZ_01_X,,,,,,,,,,
*,42403,NQS_LV4_裤子,0,3,0,2,3,1008,150,1009,100,,,,,NQS_SZ_02_X,,,,,,,,,,
*,42503,NQS_LV5_裤子,0,3,0,2,3,1008,150,1009,100,,,,,NQS_SZ_03_X,,,,,,,,,,
*,42104,NQS_LV1_头部,0,3,0,2,1,1009,100,1013,2000,,,,,NQS_GXSZ_01_T,,,,,,,,,,
*,42204,NQS_LV2_头部,0,3,0,2,1,1009,100,1013,2000,,,,,NQS_GXSZ_02_T,,,,,,,,,,
*,42304,NQS_LV3_头部,0,3,0,2,1,1009,100,1013,2000,,,,,NQS_SZ_01_T,,,,,,,,,,
*,42404,NQS_LV4_头部,0,3,0,2,1,1009,100,1013,2000,,,,,NQS_SZ_02_T,,,,,,,,,,
*,42504,NQS_LV5_头部,0,3,0,2,1,1009,100,1013,2000,,,,,NQS_SZ_03_T,,,,,,,,,,
*,40351,XD_圣诞时装_武器,0,3,0,-1,0,1008,100,1009,60,,,,,XD_SZ_shengDan_WQ,,,,,,,,0,,
*,41351,QJ_圣诞时装_武器,0,3,0,-1,0,1008,100,1009,60,,,,,QJ_SZ_shengDan_WQ,,,,,,,,1,,
*,42351,NQS_圣诞时装_武器,0,3,0,-1,0,1008,100,1009,60,,,,,NQS_SZ_shengDan_WQ,,,,,,,,2,,
*,40352,XD_圣诞时装_上衣,0,3,0,0,2,1009,60,1012,1300,,,,,XD_SZ_shengDan_S,,,,,,,,,,
*,40353,XD_圣诞时装_裤子,0,3,0,0,3,1008,100,1009,60,,,,,XD_SZ_shengDan_X,,,,,,,,,,
*,40354,XD_圣诞时装_头部,0,3,0,0,1,1009,60,1013,1300,,,,,XD_SZ_shengDan_T,,,,,,,,,,
*,41352,QJ_圣诞时装_上衣,0,3,0,1,2,1009,60,1012,1300,,,,,QJ_SZ_shengDan_S,,,,,,,,,,
*,41353,QJ_圣诞时装_裤子,0,3,0,1,3,1008,100,1009,60,,,,,QJ_SZ_shengDan_X,,,,,,,,,,
*,41354,QJ_圣诞时装_头部,0,3,0,1,1,1009,60,1013,1300,,,,,QJ_SZ_shengDan_T,,,,,,,,,,
*,42352,NQS_圣诞时装_上衣,0,3,0,2,2,1009,60,1012,1300,,,,,NQS_SZ_shengDan_S,,,,,,,,,,
*,42353,NQS_圣诞时装_裤子,0,3,0,2,3,1008,100,1009,60,,,,,NQS_SZ_shengDan_X,,,,,,,,,,
*,42354,NQS_圣诞时装_头部,0,3,0,2,1,1009,60,1013,1300,,,,,NQS_SZ_shengDan_T,,,,,,,,,,
,7天限时时装,,,,,,,,,,,,,,,,,,,,,,,,,
*,43101,XD_LV1_武器,0,1,0,-1,0,1008,100,1009,80,,,,,XD_GXSZ_01_WQ,,,,,,,,0,,
*,43201,XD_LV2_武器,0,1,0,-1,0,1008,100,1009,80,,,,,XD_GXSZ_02_WQ,,,,,,,,0,,
*,43301,XD_LV3_武器,0,1,0,-1,0,1008,100,1009,80,,,,,XD_SZ_01_WQ,,,,,,,,0,,
*,43401,XD_LV4_武器,0,1,0,-1,0,1008,100,1009,80,,,,,XD_SZ_02_WQ,,,,,,,,0,,
*,43501,XD_LV5_武器,0,1,0,-1,0,1008,100,1009,80,,,,,XD_SZ_03_WQ,,,,,,,,0,,
*,44101,QJ_LV1_武器,0,1,0,-1,0,1008,100,1009,80,,,,,QJ_GXSZ_01_WQ,,,,,,,,1,,
*,44201,QJ_LV2_武器,0,1,0,-1,0,1008,100,1009,80,,,,,QJ_GXSZ_02_WQ,,,,,,,,1,,
*,44301,QJ_LV3_武器,0,1,0,-1,0,1008,100,1009,80,,,,,QJ_SZ_01_WQ,,,,,,,,1,,
*,44401,QJ_LV4_武器,0,1,0,-1,0,1008,100,1009,80,,,,,QJ_SZ_02_WQ,,,,,,,,1,,
*,44501,QJ_LV5_武器,0,1,0,-1,0,1008,100,1009,80,,,,,QJ_SZ_03_WQ,,,,,,,,1,,
*,45101,NQS_LV1_武器,0,1,0,-1,0,1008,100,1009,80,,,,,NQS_GXSZ_01_WQ,,,,,,,,2,,
*,45201,NQS_LV2_武器,0,1,0,-1,0,1008,100,1009,80,,,,,NQS_GXSZ_02_WQ,,,,,,,,2,,
*,45301,NQS_LV3_武器,0,1,0,-1,0,1008,100,1009,80,,,,,NQS_SZ_01_WQ,,,,,,,,2,,
*,45401,NQS_LV4_武器,0,1,0,-1,0,1008,100,1009,80,,,,,NQS_SZ_02_WQ,,,,,,,,2,,
*,45501,NQS_LV5_武器,0,1,0,-1,0,1008,100,1009,80,,,,,NQS_SZ_03_WQ,,,,,,,,2,,
*,43102,XD_LV1_上衣,0,1,0,0,2,1009,80,1012,1500,,,,,XD_GXSZ_01_S,,,,,,,,,,
*,43202,XD_LV2_上衣,0,1,0,0,2,1009,80,1012,1500,,,,,XD_GXSZ_02_S,,,,,,,,,,
*,43302,XD_LV3_上衣,0,1,0,0,2,1009,80,1012,1500,,,,,XD_SZ_01_S,,,,,,,,,,
*,43402,XD_LV4_上衣,0,1,0,0,2,1009,80,1012,1500,,,,,XD_SZ_02_S,,,,,,,,,,
*,43502,XD_LV5_上衣,0,1,0,0,2,1009,80,1012,1500,,,,,XD_SZ_03_S,,,,,,,,,,
*,43103,XD_LV1_裤子,0,1,0,0,3,1008,100,1009,80,,,,,XD_GXSZ_01_X,,,,,,,,,,
*,43203,XD_LV2_裤子,0,1,0,0,3,1008,100,1009,80,,,,,XD_GXSZ_02_X,,,,,,,,,,
*,43303,XD_LV3_裤子,0,1,0,0,3,1008,100,1009,80,,,,,XD_SZ_01_X,,,,,,,,,,
*,43403,XD_LV4_裤子,0,1,0,0,3,1008,100,1009,80,,,,,XD_SZ_02_X,,,,,,,,,,
*,43503,XD_LV5_裤子,0,1,0,0,3,1008,100,1009,80,,,,,XD_SZ_03_X,,,,,,,,,,
*,43104,XD_LV1_头部,0,1,0,0,1,1009,80,1013,1500,,,,,XD_GXSZ_01_T,,,,,,,,,,
*,43204,XD_LV2_头部,0,1,0,0,1,1009,80,1013,1500,,,,,XD_GXSZ_02_T,,,,,,,,,,
*,43304,XD_LV3_头部,0,1,0,0,1,1009,80,1013,1500,,,,,XD_SZ_01_T,,,,,,,,,,
*,43404,XD_LV4_头部,0,1,0,0,1,1009,80,1013,1500,,,,,XD_SZ_02_T,,,,,,,,,,
*,43504,XD_LV5_头部,0,1,0,0,1,1009,80,1013,1500,,,,,XD_SZ_03_T,,,,,,,,,,
*,44102,QJ_LV1_上衣,0,1,0,1,2,1009,80,1012,1500,,,,,QJ_GXSZ_01_S,,,,,,,,,,
*,44202,QJ_LV2_上衣,0,1,0,1,2,1009,80,1012,1500,,,,,QJ_GXSZ_02_S,,,,,,,,,,
*,44302,QJ_LV3_上衣,0,1,0,1,2,1009,80,1012,1500,,,,,QJ_SZ_01_S,,,,,,,,,,
*,44402,QJ_LV4_上衣,0,1,0,1,2,1009,80,1012,1500,,,,,QJ_SZ_02_S,,,,,,,,,,
*,44502,QJ_LV5_上衣,0,1,0,1,2,1009,80,1012,1500,,,,,QJ_SZ_03_S,,,,,,,,,,
*,44103,QJ_LV1_裤子,0,1,0,1,3,1008,100,1009,80,,,,,QJ_GXSZ_01_X,,,,,,,,,,
*,44203,QJ_LV2_裤子,0,1,0,1,3,1008,100,1009,80,,,,,QJ_GXSZ_02_X,,,,,,,,,,
*,44303,QJ_LV3_裤子,0,1,0,1,3,1008,100,1009,80,,,,,QJ_SZ_01_X,,,,,,,,,,
*,44403,QJ_LV4_裤子,0,1,0,1,3,1008,100,1009,80,,,,,QJ_SZ_02_X,,,,,,,,,,
*,44503,QJ_LV5_裤子,0,1,0,1,3,1008,100,1009,80,,,,,QJ_SZ_03_X,,,,,,,,,,
*,44104,QJ_LV1_头部,0,1,0,1,1,1009,80,1013,1500,,,,,QJ_GXSZ_01_T,,,,,,,,,,
*,44204,QJ_LV2_头部,0,1,0,1,1,1009,80,1013,1500,,,,,QJ_GXSZ_02_T,,,,,,,,,,
*,44304,QJ_LV3_头部,0,1,0,1,1,1009,80,1013,1500,,,,,QJ_SZ_01_T,,,,,,,,,,
*,44404,QJ_LV4_头部,0,1,0,1,1,1009,80,1013,1500,,,,,QJ_SZ_02_T,,,,,,,,,,
*,44504,QJ_LV5_头部,0,1,0,1,1,1009,80,1013,1500,,,,,QJ_SZ_03_T,,,,,,,,,,
*,45102,NQS_LV1_上衣,0,1,0,2,2,1009,80,1012,1500,,,,,NQS_GXSZ_01_S,,,,,,,,,,
*,45202,NQS_LV2_上衣,0,1,0,2,2,1009,80,1012,1500,,,,,NQS_GXSZ_02_S,,,,,,,,,,
*,45302,NQS_LV3_上衣,0,1,0,2,2,1009,80,1012,1500,,,,,NQS_SZ_01_S,,,,,,,,,,
*,45402,NQS_LV4_上衣,0,1,0,2,2,1009,80,1012,1500,,,,,NQS_SZ_02_S,,,,,,,,,,
*,45502,NQS_LV5_上衣,0,1,0,2,2,1009,80,1012,1500,,,,,NQS_SZ_03_S,,,,,,,,,,
*,45103,NQS_LV1_裤子,0,1,0,2,3,1008,100,1009,80,,,,,NQS_GXSZ_01_X,,,,,,,,,,
*,45203,NQS_LV2_裤子,0,1,0,2,3,1008,100,1009,80,,,,,NQS_GXSZ_02_X,,,,,,,,,,
*,45303,NQS_LV3_裤子,0,1,0,2,3,1008,100,1009,80,,,,,NQS_SZ_01_X,,,,,,,,,,
*,45403,NQS_LV4_裤子,0,1,0,2,3,1008,100,1009,80,,,,,NQS_SZ_02_X,,,,,,,,,,
*,45503,NQS_LV5_裤子,0,1,0,2,3,1008,100,1009,80,,,,,NQS_SZ_03_X,,,,,,,,,,
*,45104,NQS_LV1_头部,0,1,0,2,1,1009,80,1013,1500,,,,,NQS_GXSZ_01_T,,,,,,,,,,
*,45204,NQS_LV2_头部,0,1,0,2,1,1009,80,1013,1500,,,,,NQS_GXSZ_02_T,,,,,,,,,,
*,45304,NQS_LV3_头部,0,1,0,2,1,1009,80,1013,1500,,,,,NQS_SZ_01_T,,,,,,,,,,
*,45404,NQS_LV4_头部,0,1,0,2,1,1009,80,1013,1500,,,,,NQS_SZ_02_T,,,,,,,,,,
*,45504,NQS_LV5_头部,0,1,0,2,1,1009,80,1013,1500,,,,,NQS_SZ_03_T,,,,,,,,,,
,首充30天武器,,,,,,,,,,,,,,,,,,,,,,,,,
*,46400,XD_LV4_武器,0,2,0,-1,0,1001,200,1002,8000,1003,20,1009,1000,XD_GXSZ_02_WQ,,,,,,,,0,,
*,47400,QJ_LV4_武器,0,2,0,-1,0,1001,200,1002,8000,1003,20,1009,1000,QJ_GXSZ_01_WQ,,,,,,,,1,,
*,48400,NQS_LV4_武器,0,2,0,-1,0,1001,200,1002,8000,1003,20,1009,1000,NQS_GXSZ_02_WQ,,,,,,,,2,,
,30天时装,,,,,,,,,,,,,,,,,,,,,,,,,
*,46101,XD_LV1_武器,0,2,0,-1,0,1008,100,1009,80,,,,,XD_GXSZ_01_WQ,,,,,,,,0,,
*,46201,XD_LV2_武器,0,2,0,-1,0,1008,100,1009,80,,,,,XD_GXSZ_02_WQ,,,,,,,,0,,
*,46301,XD_LV3_武器,0,2,0,-1,0,1008,100,1009,80,,,,,XD_SZ_01_WQ,,,,,,,,0,,
*,46401,XD_LV4_武器,0,2,0,-1,0,1008,100,1009,80,,,,,XD_SZ_02_WQ,,,,,,,,0,,
*,46501,XD_LV5_武器,0,2,0,-1,0,1008,100,1009,80,,,,,XD_SZ_03_WQ,,,,,,,,0,,
*,47101,QJ_LV1_武器,0,2,0,-1,0,1008,100,1009,80,,,,,QJ_GXSZ_01_WQ,,,,,,,,1,,
*,47201,QJ_LV2_武器,0,2,0,-1,0,1008,100,1009,80,,,,,QJ_GXSZ_02_WQ,,,,,,,,1,,
*,47301,QJ_LV3_武器,0,2,0,-1,0,1008,100,1009,80,,,,,QJ_SZ_01_WQ,,,,,,,,1,,
*,47401,QJ_LV4_武器,0,2,0,-1,0,1008,100,1009,80,,,,,QJ_SZ_02_WQ,,,,,,,,1,,
*,47501,QJ_LV5_武器,0,2,0,-1,0,1008,100,1009,80,,,,,QJ_SZ_03_WQ,,,,,,,,1,,
*,48101,NQS_LV1_武器,0,2,0,-1,0,1008,100,1009,80,,,,,NQS_GXSZ_01_WQ,,,,,,,,2,,
*,48201,NQS_LV2_武器,0,2,0,-1,0,1008,100,1009,80,,,,,NQS_GXSZ_02_WQ,,,,,,,,2,,
*,48301,NQS_LV3_武器,0,2,0,-1,0,1008,100,1009,80,,,,,NQS_SZ_01_WQ,,,,,,,,2,,
*,48401,NQS_LV4_武器,0,2,0,-1,0,1008,100,1009,80,,,,,NQS_SZ_02_WQ,,,,,,,,2,,
*,48501,NQS_LV5_武器,0,2,0,-1,0,1008,100,1009,80,,,,,NQS_SZ_03_WQ,,,,,,,,2,,
*,46102,XD_LV1_上衣,0,2,0,0,2,1009,80,1012,1500,,,,,XD_GXSZ_01_S,,,,,,,,,,
*,46202,XD_LV2_上衣,0,2,0,0,2,1009,80,1012,1500,,,,,XD_GXSZ_02_S,,,,,,,,,,
*,46302,XD_LV3_上衣,0,2,0,0,2,1009,80,1012,1500,,,,,XD_SZ_01_S,,,,,,,,,,
*,46402,XD_LV4_上衣,0,2,0,0,2,1009,80,1012,1500,,,,,XD_SZ_02_S,,,,,,,,,,
*,46502,XD_LV5_上衣,0,2,0,0,2,1009,80,1012,1500,,,,,XD_SZ_03_S,,,,,,,,,,
*,46103,XD_LV1_裤子,0,2,0,0,3,1008,100,1009,80,,,,,XD_GXSZ_01_X,,,,,,,,,,
*,46203,XD_LV2_裤子,0,2,0,0,3,1008,100,1009,80,,,,,XD_GXSZ_02_X,,,,,,,,,,
*,46303,XD_LV3_裤子,0,2,0,0,3,1008,100,1009,80,,,,,XD_SZ_01_X,,,,,,,,,,
*,46403,XD_LV4_裤子,0,2,0,0,3,1008,100,1009,80,,,,,XD_SZ_02_X,,,,,,,,,,
*,46503,XD_LV5_裤子,0,2,0,0,3,1008,100,1009,80,,,,,XD_SZ_03_X,,,,,,,,,,
*,46104,XD_LV1_头部,0,2,0,0,1,1009,80,1013,1500,,,,,XD_GXSZ_01_T,,,,,,,,,,
*,46204,XD_LV2_头部,0,2,0,0,1,1009,80,1013,1500,,,,,XD_GXSZ_02_T,,,,,,,,,,
*,46304,XD_LV3_头部,0,2,0,0,1,1009,80,1013,1500,,,,,XD_SZ_01_T,,,,,,,,,,
*,46404,XD_LV4_头部,0,2,0,0,1,1009,80,1013,1500,,,,,XD_SZ_02_T,,,,,,,,,,
*,46504,XD_LV5_头部,0,2,0,0,1,1009,80,1013,1500,,,,,XD_SZ_03_T,,,,,,,,,,
*,47102,QJ_LV1_上衣,0,2,0,1,2,1009,80,1012,1500,,,,,QJ_GXSZ_01_S,,,,,,,,,,
*,47202,QJ_LV2_上衣,0,2,0,1,2,1009,80,1012,1500,,,,,QJ_GXSZ_02_S,,,,,,,,,,
*,47302,QJ_LV3_上衣,0,2,0,1,2,1009,80,1012,1500,,,,,QJ_SZ_01_S,,,,,,,,,,
*,47402,QJ_LV4_上衣,0,2,0,1,2,1009,80,1012,1500,,,,,QJ_SZ_02_S,,,,,,,,,,
*,47502,QJ_LV5_上衣,0,2,0,1,2,1009,80,1012,1500,,,,,QJ_SZ_03_S,,,,,,,,,,
*,47103,QJ_LV1_裤子,0,2,0,1,3,1008,100,1009,80,,,,,QJ_GXSZ_01_X,,,,,,,,,,
*,47203,QJ_LV2_裤子,0,2,0,1,3,1008,100,1009,80,,,,,QJ_GXSZ_02_X,,,,,,,,,,
*,47303,QJ_LV3_裤子,0,2,0,1,3,1008,100,1009,80,,,,,QJ_SZ_01_X,,,,,,,,,,
*,47403,QJ_LV4_裤子,0,2,0,1,3,1008,100,1009,80,,,,,QJ_SZ_02_X,,,,,,,,,,
*,47503,QJ_LV5_裤子,0,2,0,1,3,1008,100,1009,80,,,,,QJ_SZ_03_X,,,,,,,,,,
*,47104,QJ_LV1_头部,0,2,0,1,1,1009,80,1013,1500,,,,,QJ_GXSZ_01_T,,,,,,,,,,
*,47204,QJ_LV2_头部,0,2,0,1,1,1009,80,1013,1500,,,,,QJ_GXSZ_02_T,,,,,,,,,,
*,47304,QJ_LV3_头部,0,2,0,1,1,1009,80,1013,1500,,,,,QJ_SZ_01_T,,,,,,,,,,
*,47404,QJ_LV4_头部,0,2,0,1,1,1009,80,1013,1500,,,,,QJ_SZ_02_T,,,,,,,,,,
*,47504,QJ_LV5_头部,0,2,0,1,1,1009,80,1013,1500,,,,,QJ_SZ_03_T,,,,,,,,,,
*,48102,NQS_LV1_上衣,0,2,0,2,2,1009,80,1012,1500,,,,,NQS_GXSZ_01_S,,,,,,,,,,
*,48202,NQS_LV2_上衣,0,2,0,2,2,1009,80,1012,1500,,,,,NQS_GXSZ_02_S,,,,,,,,,,
*,48302,NQS_LV3_上衣,0,2,0,2,2,1009,80,1012,1500,,,,,NQS_SZ_01_S,,,,,,,,,,
*,48402,NQS_LV4_上衣,0,2,0,2,2,1009,80,1012,1500,,,,,NQS_SZ_02_S,,,,,,,,,,
*,48502,NQS_LV5_上衣,0,2,0,2,2,1009,80,1012,1500,,,,,NQS_SZ_03_S,,,,,,,,,,
*,48103,NQS_LV1_裤子,0,2,0,2,3,1008,100,1009,80,,,,,NQS_GXSZ_01_X,,,,,,,,,,
*,48203,NQS_LV2_裤子,0,2,0,2,3,1008,100,1009,80,,,,,NQS_GXSZ_02_X,,,,,,,,,,
*,48303,NQS_LV3_裤子,0,2,0,2,3,1008,100,1009,80,,,,,NQS_SZ_01_X,,,,,,,,,,
*,48403,NQS_LV4_裤子,0,2,0,2,3,1008,100,1009,80,,,,,NQS_SZ_02_X,,,,,,,,,,
*,48503,NQS_LV5_裤子,0,2,0,2,3,1008,100,1009,80,,,,,NQS_SZ_03_X,,,,,,,,,,
*,48104,NQS_LV1_头部,0,2,0,2,1,1009,80,1013,1500,,,,,NQS_GXSZ_01_T,,,,,,,,,,
*,48204,NQS_LV2_头部,0,2,0,2,1,1009,80,1013,1500,,,,,NQS_GXSZ_02_T,,,,,,,,,,
*,48304,NQS_LV3_头部,0,2,0,2,1,1009,80,1013,1500,,,,,NQS_SZ_01_T,,,,,,,,,,
*,48404,NQS_LV4_头部,0,2,0,2,1,1009,80,1013,1500,,,,,NQS_SZ_02_T,,,,,,,,,,
*,48504,NQS_LV5_头部,0,2,0,2,1,1009,80,1013,1500,,,,,NQS_SZ_03_T,,,,,,,,,,
,显示强化界面默认图标用,,,,,,,,,,,,,,,,,,,,,,,,,
*,60001,LVL1武器,1,,80,0,0,1001,1,1001,1,,,,,XD_A_WQ,,,,,,,,,,
*,60002,LVL1头盔,1,,80,0,1,1001,1,1001,1,,,,,XD_A_T,,,,,,,,,,
*,60003,LVL1上衣,1,,80,0,2,1001,1,1001,1,,,,,XD_A_S,,,,,,,,,,
*,60004,LVL1裤子,1,,80,0,3,1001,1,1001,1,,,,,XD_A_X,,,,,,,,,,
*,60005,LVL1腰带,1,,80,0,4,1001,1,1001,1,,,,,,,,,,,,,,,
*,60006,LVL1项链,1,,80,0,5,1001,1,1001,1,,,,,,,,,,,,,,,
