,掉落ID,描述,属性数量,子包1id,子包1概率,子包2id,子包2概率,子包3id,子包3概率,子包4id,子包4概率,子包5id,子包5概率,子包6id,子包6概率,属性id1,品质1,值1,权重1,属性id2,品质2,值2,权重2,属性id3,品质3,值3,权重3,属性id4,品质4,值4,权重4,属性id5,品质5,值5,权重5,属性id6,品质6,值6,权重6,属性id7,品质7,值7,权重7,属性id8,品质8,值8,权重8,属性id9,品质9,值9,权重9,属性id10,品质10,值10,权重10
,STRING,STRING,INT,STRING,INT,STRING,INT,STRING,INT,STRING,INT,STRING,INT,STRING,INT,STRING,INT,INT,INT,STRING,INT,INT,INT,STRING,INT,INT,INT,STRING,INT,INT,INT,STRING,INT,INT,INT,STRING,INT,INT,INT,STRING,INT,INT,INT,STRING,INT,INT,INT,STRING,INT,INT,INT,STRING,INT,INT,INT
*,ID,Desc,DropNum,sonid1,sondrop1,sonid2,sondrop2,sonid3,sondrop3,sonid4,sondrop4,sonid5,sondrop5,sonid6,sondrop6,attid1,equv1,value1,weight1,attid2,equv2,value2,weight2,attid3,equv3,value3,weight3,attid4,equv4,value4,weight4,attid5,equv5,value5,weight5,attid6,equv6,value6,weight6,attid7,equv7,value7,weight7,attid8,equv8,value8,weight8,attid9,equv9,value9,weight9,attid10,equv10,value10,weight10
,职业-品质-等级-纯属性包标记,,,,械斗,,,,,,,,,,,,,,,,,,,,,,,,,,,,,,,,,,,,,,,,,,,,,,,,,,
*,11001,lv1白,1,,,,,,,,,,,,,1001,0,136,50,1002,0,3024,50,1003,0,19,100,1004,0,163,100,1005,0,19,100,1006,0,77,100,1007,0,10,100,1012,0,264,100,1013,0,104,100,,,,
*,11011,lv2白,1,,,,,,,,,,,,,1001,0,233,50,1002,0,5117,50,1003,0,34,100,1004,0,278,100,1005,0,34,100,1006,0,134,100,1007,0,14,100,1012,0,272,100,1013,0,112,100,,,,
*,11021,lv3白,1,,,,,,,,,,,,,1001,0,374,50,1002,0,8251,50,1003,0,58,100,1004,0,451,100,1005,0,53,100,1006,0,216,100,1007,0,24,100,1012,0,280,100,1013,0,120,100,,,,
*,11031,lv4白,1,,,,,,,,,,,,,1001,0,568,50,1002,0,12432,50,1003,0,82,100,1004,0,677,100,1005,0,82,100,1006,0,322,100,1007,0,38,100,1012,0,288,100,1013,0,128,100,,,,
*,11041,lv5白,1,,,,,,,,,,,,,1001,0,805,50,1002,0,17654,50,1003,0,120,100,1004,0,965,100,1005,0,110,100,1006,0,461,100,1007,0,58,100,1012,0,296,100,1013,0,136,100,,,,
*,11051,lv6白,1,,,,,,,,,,,,,1001,0,1091,50,1002,0,23923,50,1003,0,163,100,1004,0,1306,100,1005,0,154,100,1006,0,619,100,1007,0,77,100,1012,0,304,100,1013,0,144,100,,,,
*,11061,lv7白,1,,,,,,,,,,,,,1001,0,1421,50,1002,0,31238,50,1003,0,211,100,1004,0,1704,100,1005,0,202,100,1006,0,811,100,1007,0,101,100,1012,0,312,100,1013,0,152,100,,,,
*,11071,lv8白,1,,,,,,,,,,,,,1001,0,1804,50,1002,0,39600,50,1003,0,269,100,1004,0,2160,100,1005,0,254,100,1006,0,1027,100,1007,0,125,100,1012,0,320,100,1013,0,160,100,,,,
,,绿,,,,,,,,,,,,,,,,攻击,,,,生命,,,,防御,,,,命中,,,,闪避,,,,暴击,,,,韧性,,,,暴增,,,,暴减,,,,,
*,12001,lv1绿,1,,,,,,,,,,,,,1001,1,205,40,1002,1,4536,50,1003,1,29,100,1004,1,245,100,1005,1,29,100,1006,1,115,100,1007,1,14,100,1012,1,396,100,1013,1,156,100,,,,
*,12011,lv2绿,1,,,,,,,,,,,,,1001,1,350,40,1002,1,7675,50,1003,1,50,100,1004,1,418,100,1005,1,50,100,1006,1,202,100,1007,1,22,100,1012,1,408,100,1013,1,168,100,,,,
*,12021,lv3绿,1,,,,,,,,,,,,,1001,1,561,40,1002,1,12377,50,1003,1,86,100,1004,1,677,100,1005,1,79,100,1006,1,324,100,1007,1,36,100,1012,1,420,100,1013,1,180,100,,,,
*,12031,lv4绿,1,,,,,,,,,,,,,1001,1,851,40,1002,1,18648,50,1003,1,122,100,1004,1,1015,100,1005,1,122,100,1006,1,482,100,1007,1,58,100,1012,1,432,100,1013,1,192,100,,,,
*,12041,lv5绿,1,,,,,,,,,,,,,1001,1,1208,40,1002,1,26482,50,1003,1,180,100,1004,1,1447,100,1005,1,166,100,1006,1,691,100,1007,1,86,100,1012,1,444,100,1013,1,204,100,,,,
*,12051,lv6绿,1,,,,,,,,,,,,,1001,1,1637,40,1002,1,35885,50,1003,1,245,100,1004,1,1958,100,1005,1,230,100,1006,1,929,100,1007,1,115,100,1012,1,456,100,1013,1,216,100,,,,
*,12061,lv7绿,1,,,,,,,,,,,,,1001,1,2132,40,1002,1,46858,50,1003,1,317,100,1004,1,2556,100,1005,1,302,100,1006,1,1217,100,1007,1,151,100,1012,1,468,100,1013,1,228,100,,,,
*,12071,lv8绿,1,,,,,,,,,,,,,1001,1,2706,40,1002,1,59400,50,1003,1,403,100,1004,1,3240,100,1005,1,382,100,1006,1,1541,100,1007,1,187,100,1012,1,480,100,1013,1,240,100,,,,
,,蓝,,,,,,,,,,,,,,,,攻击,,,,生命,,,,防御,,,,命中,,,,闪避,,,,暴击,,,,韧性,,,,暴增,,,,暴减,,,,,
*,13001,lv1蓝,1,,,,,,,,,,,,,1001,2,259,30,1002,2,5746,50,1003,2,36,100,1004,2,310,100,1005,2,36,100,1006,2,146,100,1007,2,18,100,1012,2,502,100,1013,2,198,100,,,,
*,13011,lv2蓝,1,,,,,,,,,,,,,1001,2,443,30,1002,2,9722,50,1003,2,64,100,1004,2,529,100,1005,2,64,100,1006,2,255,100,1007,2,27,100,1012,2,517,100,1013,2,213,100,,,,
*,13021,lv3蓝,1,,,,,,,,,,,,,1001,2,711,30,1002,2,15677,50,1003,2,109,100,1004,2,857,100,1005,2,100,100,1006,2,410,100,1007,2,46,100,1012,2,532,100,1013,2,228,100,,,,
*,13031,lv4蓝,1,,,,,,,,,,,,,1001,2,1078,30,1002,2,23621,50,1003,2,155,100,1004,2,1286,100,1005,2,155,100,1006,2,611,100,1007,2,73,100,1012,2,547,100,1013,2,243,100,,,,
*,13041,lv5蓝,1,,,,,,,,,,,,,1001,2,1530,30,1002,2,33543,50,1003,2,228,100,1004,2,1833,100,1005,2,210,100,1006,2,876,100,1007,2,109,100,1012,2,562,100,1013,2,258,100,,,,
*,13051,lv6蓝,1,,,,,,,,,,,,,1001,2,2073,30,1002,2,45454,50,1003,2,310,100,1004,2,2481,100,1005,2,292,100,1006,2,1176,100,1007,2,146,100,1012,2,578,100,1013,2,274,100,,,,
*,13061,lv7蓝,1,,,,,,,,,,,,,1001,2,2700,30,1002,2,59353,50,1003,2,401,100,1004,2,3238,100,1005,2,383,100,1006,2,1541,100,1007,2,192,100,1012,2,593,100,1013,2,289,100,,,,
*,13071,lv8蓝,1,,,,,,,,,,,,,1001,2,3428,30,1002,2,75240,50,1003,2,511,100,1004,2,4104,100,1005,2,483,100,1006,2,1952,100,1007,2,237,100,1012,2,608,100,1013,2,304,100,,,,
,,紫,,,,,,,,,,,,,,,,攻击,,,,生命,,,,防御,,,,命中,,,,闪避,,,,暴击,,,,韧性,,,,暴增,,,,暴减,,,,,
*,14001,lv1紫,1,,,,,,,,,,,,,1001,3,300,20,1002,3,6653,50,1003,3,42,100,1004,3,359,100,1005,3,42,100,1006,3,169,100,1007,3,21,100,1012,3,581,100,1013,3,229,100,,,,
*,14011,lv2紫,1,,,,,,,,,,,,,1001,3,513,20,1002,3,11257,50,1003,3,74,100,1004,3,612,100,1005,3,74,100,1006,3,296,100,1007,3,32,100,1012,3,598,100,1013,3,246,100,,,,
*,14021,lv3紫,1,,,,,,,,,,,,,1001,3,823,20,1002,3,18153,50,1003,3,127,100,1004,3,993,100,1005,3,116,100,1006,3,475,100,1007,3,53,100,1012,3,616,100,1013,3,264,100,,,,
*,14031,lv4紫,1,,,,,,,,,,,,,1001,3,1249,20,1002,3,27350,50,1003,3,180,100,1004,3,1489,100,1005,3,180,100,1006,3,708,100,1007,3,84,100,1012,3,634,100,1013,3,282,100,,,,
*,14041,lv5紫,1,,,,,,,,,,,,,1001,3,1771,20,1002,3,38840,50,1003,3,264,100,1004,3,2123,100,1005,3,243,100,1006,3,1014,100,1007,3,127,100,1012,3,651,100,1013,3,299,100,,,,
*,14051,lv6紫,1,,,,,,,,,,,,,1001,3,2401,20,1002,3,52631,50,1003,3,359,100,1004,3,2872,100,1005,3,338,100,1006,3,1362,100,1007,3,169,100,1012,3,669,100,1013,3,317,100,,,,
*,14061,lv7紫,1,,,,,,,,,,,,,1001,3,3127,20,1002,3,68724,50,1003,3,465,100,1004,3,3749,100,1005,3,444,100,1006,3,1785,100,1007,3,222,100,1012,3,686,100,1013,3,334,100,,,,
*,14071,lv8紫,1,,,,,,,,,,,,,1001,3,3969,20,1002,3,87120,50,1003,3,591,100,1004,3,4752,100,1005,3,560,100,1006,3,2260,100,1007,3,275,100,1012,3,704,100,1013,3,352,100,,,,
,拳击,,,,,,,,,,,,,,,,,,,,,,,,,,,,,,,,,,,,,,,,,,,,,,,,,,,,,,
*,21001,lv1白,1,,,,,,,,,,,,,1001,0,132,50,1002,0,3302,50,1003,0,34,100,1004,0,106,100,1005,0,19,100,1006,0,48,100,1007,0,10,100,1012,0,184,100,1013,0,184,100,,,,
*,21011,lv2白,1,,,,,,,,,,,,,1001,0,220,50,1002,0,5582,50,1003,0,53,100,1004,0,178,100,1005,0,34,100,1006,0,77,100,1007,0,14,100,1012,0,192,100,1013,0,192,100,,,,
*,21021,lv3白,1,,,,,,,,,,,,,1001,0,356,50,1002,0,9000,50,1003,0,86,100,1004,0,283,100,1005,0,53,100,1006,0,125,100,1007,0,24,100,1012,0,200,100,1013,0,200,100,,,,
*,21031,lv4白,1,,,,,,,,,,,,,1001,0,537,50,1002,0,13560,50,1003,0,134,100,1004,0,427,100,1005,0,82,100,1006,0,187,100,1007,0,38,100,1012,0,208,100,1013,0,208,100,,,,
*,21041,lv5白,1,,,,,,,,,,,,,1001,0,766,50,1002,0,19262,50,1003,0,187,100,1004,0,605,100,1005,0,110,100,1006,0,269,100,1007,0,58,100,1012,0,216,100,1013,0,216,100,,,,
*,21051,lv6白,1,,,,,,,,,,,,,1001,0,1038,50,1002,0,26102,50,1003,0,254,100,1004,0,821,100,1005,0,154,100,1006,0,365,100,1007,0,77,100,1012,0,224,100,1013,0,224,100,,,,
*,21061,lv7白,1,,,,,,,,,,,,,1001,0,1355,50,1002,0,34080,50,1003,0,336,100,1004,0,1075,100,1005,0,202,100,1006,0,475,100,1007,0,101,100,1012,0,232,100,1013,0,232,100,,,,
*,21071,lv8白,1,,,,,,,,,,,,,1001,0,1716,50,1002,0,43200,50,1003,0,422,100,1004,0,1358,100,1005,0,254,100,1006,0,600,100,1007,0,125,100,1012,0,240,100,1013,0,240,100,,,,
,,绿,,,,,,,,,,,,,,,,攻击,,,,生命,,,,防御,,,,命中,,,,闪避,,,,暴击,,,,韧性,,,,暴增,,,,暴减,,,,,
*,22001,lv1绿,1,,,,,,,,,,,,,1001,1,198,40,1002,1,4954,50,1003,1,50,100,1004,1,158,100,1005,1,29,100,1006,1,72,100,1007,1,14,100,1012,1,276,100,1013,1,276,100,,,,
*,22011,lv2绿,1,,,,,,,,,,,,,1001,1,330,40,1002,1,8374,50,1003,1,79,100,1004,1,266,100,1005,1,50,100,1006,1,115,100,1007,1,22,100,1012,1,288,100,1013,1,288,100,,,,
*,22021,lv3绿,1,,,,,,,,,,,,,1001,1,535,40,1002,1,13500,50,1003,1,130,100,1004,1,425,100,1005,1,79,100,1006,1,187,100,1007,1,36,100,1012,1,300,100,1013,1,300,100,,,,
*,22031,lv4绿,1,,,,,,,,,,,,,1001,1,805,40,1002,1,20340,50,1003,1,202,100,1004,1,641,100,1005,1,122,100,1006,1,281,100,1007,1,58,100,1012,1,312,100,1013,1,312,100,,,,
*,22041,lv5绿,1,,,,,,,,,,,,,1001,1,1148,40,1002,1,28894,50,1003,1,281,100,1004,1,907,100,1005,1,166,100,1006,1,403,100,1007,1,86,100,1012,1,324,100,1013,1,324,100,,,,
*,22051,lv6绿,1,,,,,,,,,,,,,1001,1,1558,40,1002,1,39154,50,1003,1,382,100,1004,1,1231,100,1005,1,230,100,1006,1,547,100,1007,1,115,100,1012,1,336,100,1013,1,336,100,,,,
*,22061,lv7绿,1,,,,,,,,,,,,,1001,1,2033,40,1002,1,51120,50,1003,1,504,100,1004,1,1613,100,1005,1,302,100,1006,1,713,100,1007,1,151,100,1012,1,348,100,1013,1,348,100,,,,
*,22071,lv8绿,1,,,,,,,,,,,,,1001,1,2574,40,1002,1,64800,50,1003,1,634,100,1004,1,2038,100,1005,1,382,100,1006,1,900,100,1007,1,187,100,1012,1,360,100,1013,1,360,100,,,,
,,蓝,,,,,,,,,,,,,,,,攻击,,,,生命,,,,防御,,,,命中,,,,闪避,,,,暴击,,,,韧性,,,,暴增,,,,暴减,,,,,
*,23001,lv1蓝,1,,,,,,,,,,,,,1001,2,251,30,1002,2,6275,50,1003,2,64,100,1004,2,201,100,1005,2,36,100,1006,2,91,100,1007,2,18,100,1012,2,350,100,1013,2,350,100,,,,
*,23011,lv2蓝,1,,,,,,,,,,,,,1001,2,418,30,1002,2,10607,50,1003,2,100,100,1004,2,337,100,1005,2,64,100,1006,2,146,100,1007,2,27,100,1012,2,365,100,1013,2,365,100,,,,
*,23021,lv3蓝,1,,,,,,,,,,,,,1001,2,677,30,1002,2,17100,50,1003,2,164,100,1004,2,538,100,1005,2,100,100,1006,2,237,100,1007,2,46,100,1012,2,380,100,1013,2,380,100,,,,
*,23031,lv4蓝,1,,,,,,,,,,,,,1001,2,1020,30,1002,2,25764,50,1003,2,255,100,1004,2,812,100,1005,2,155,100,1006,2,356,100,1007,2,73,100,1012,2,395,100,1013,2,395,100,,,,
*,23041,lv5蓝,1,,,,,,,,,,,,,1001,2,1455,30,1002,2,36599,50,1003,2,356,100,1004,2,1149,100,1005,2,210,100,1006,2,511,100,1007,2,109,100,1012,2,410,100,1013,2,410,100,,,,
*,23051,lv6蓝,1,,,,,,,,,,,,,1001,2,1973,30,1002,2,49595,50,1003,2,483,100,1004,2,1560,100,1005,2,292,100,1006,2,693,100,1007,2,146,100,1012,2,426,100,1013,2,426,100,,,,
*,23061,lv7蓝,1,,,,,,,,,,,,,1001,2,2575,30,1002,2,64752,50,1003,2,638,100,1004,2,2043,100,1005,2,383,100,1006,2,903,100,1007,2,192,100,1012,2,441,100,1013,2,441,100,,,,
*,23071,lv8蓝,1,,,,,,,,,,,,,1001,2,3260,30,1002,2,82080,50,1003,2,803,100,1004,2,2581,100,1005,2,483,100,1006,2,1140,100,1007,2,237,100,1012,2,456,100,1013,2,456,100,,,,
,,紫,,,,,,,,,,,,,,,,攻击,,,,生命,,,,防御,,,,命中,,,,闪避,,,,暴击,,,,韧性,,,,暴增,,,,暴减,,,,,
*,24001,lv1紫,1,,,,,,,,,,,,,1001,3,290,20,1002,3,7265,50,1003,3,74,100,1004,3,232,100,1005,3,42,100,1006,3,106,100,1007,3,21,100,1012,3,405,100,1013,3,405,100,,,,
*,24011,lv2紫,1,,,,,,,,,,,,,1001,3,484,20,1002,3,12281,50,1003,3,116,100,1004,3,391,100,1005,3,74,100,1006,3,169,100,1007,3,32,100,1012,3,422,100,1013,3,422,100,,,,
*,24021,lv3紫,1,,,,,,,,,,,,,1001,3,784,20,1002,3,19800,50,1003,3,190,100,1004,3,623,100,1005,3,116,100,1006,3,275,100,1007,3,53,100,1012,3,440,100,1013,3,440,100,,,,
*,24031,lv4紫,1,,,,,,,,,,,,,1001,3,1181,20,1002,3,29832,50,1003,3,296,100,1004,3,940,100,1005,3,180,100,1006,3,412,100,1007,3,84,100,1012,3,458,100,1013,3,458,100,,,,
*,24041,lv5紫,1,,,,,,,,,,,,,1001,3,1684,20,1002,3,42377,50,1003,3,412,100,1004,3,1331,100,1005,3,243,100,1006,3,591,100,1007,3,127,100,1012,3,475,100,1013,3,475,100,,,,
*,24051,lv6紫,1,,,,,,,,,,,,,1001,3,2284,20,1002,3,57425,50,1003,3,560,100,1004,3,1806,100,1005,3,338,100,1006,3,803,100,1007,3,169,100,1012,3,493,100,1013,3,493,100,,,,
*,24061,lv7紫,1,,,,,,,,,,,,,1001,3,2981,20,1002,3,74976,50,1003,3,739,100,1004,3,2365,100,1005,3,444,100,1006,3,1045,100,1007,3,222,100,1012,3,510,100,1013,3,510,100,,,,
*,24071,lv8紫,1,,,,,,,,,,,,,1001,3,3775,20,1002,3,95040,50,1003,3,929,100,1004,3,2988,100,1005,3,560,100,1006,3,1320,100,1007,3,275,100,1012,3,528,100,1013,3,528,100,,,,
,女枪,,,,,,,,,,,,,,,,,,,,,,,,,,,,,,,,,,,,,,,,,,,,,,,,,,,,,,
*,31001,lv1白,1,,,,,,,,,,,,,1001,0,194,50,1002,0,2035,50,1003,0,14,100,1004,0,350,100,1005,0,19,100,1006,0,120,100,1007,0,10,100,1012,0,344,100,1013,0,24,100,,,,
*,31011,lv2白,1,,,,,,,,,,,,,1001,0,326,50,1002,0,3442,50,1003,0,29,100,1004,0,590,100,1005,0,34,100,1006,0,206,100,1007,0,14,100,1012,0,352,100,1013,0,32,100,,,,
*,31021,lv3白,1,,,,,,,,,,,,,1001,0,524,50,1002,0,5549,50,1003,0,43,100,1004,0,950,100,1005,0,53,100,1006,0,331,100,1007,0,24,100,1012,0,360,100,1013,0,40,100,,,,
*,31031,lv4白,1,,,,,,,,,,,,,1001,0,788,50,1002,0,8362,50,1003,0,67,100,1004,0,1430,100,1005,0,82,100,1006,0,504,100,1007,0,38,100,1012,0,368,100,1013,0,48,100,,,,
*,31041,lv5白,1,,,,,,,,,,,,,1001,0,1118,50,1002,0,11875,50,1003,0,91,100,1004,0,2035,100,1005,0,110,100,1006,0,715,100,1007,0,58,100,1012,0,376,100,1013,0,56,100,,,,
*,31051,lv6白,1,,,,,,,,,,,,,1001,0,1514,50,1002,0,16094,50,1003,0,125,100,1004,0,2755,100,1005,0,154,100,1006,0,965,100,1007,0,77,100,1012,0,384,100,1013,0,64,100,,,,
*,31061,lv7白,1,,,,,,,,,,,,,1001,0,1980,50,1002,0,21014,50,1003,0,163,100,1004,0,3595,100,1005,0,202,100,1006,0,1262,100,1007,0,101,100,1012,0,392,100,1013,0,72,100,,,,
*,31071,lv8白,1,,,,,,,,,,,,,1001,0,2508,50,1002,0,26640,50,1003,0,206,100,1004,0,4560,100,1005,0,254,100,1006,0,1598,100,1007,0,125,100,1012,0,400,100,1013,0,80,100,,,,
,,绿,,,,,,,,,,,,,,,,攻击,,,,生命,,,,防御,,,,命中,,,,闪避,,,,暴击,,,,韧性,,,,暴增,,,,暴减,,,,,
*,32001,lv1绿,1,,,,,,,,,,,,,1001,1,290,40,1002,1,3053,50,1003,1,22,100,1004,1,526,100,1005,1,29,100,1006,1,180,100,1007,1,14,100,1012,1,516,100,1013,1,36,100,,,,
*,32011,lv2绿,1,,,,,,,,,,,,,1001,1,488,40,1002,1,5162,50,1003,1,43,100,1004,1,886,100,1005,1,50,100,1006,1,310,100,1007,1,22,100,1012,1,528,100,1013,1,48,100,,,,
*,32021,lv3绿,1,,,,,,,,,,,,,1001,1,785,40,1002,1,8323,50,1003,1,65,100,1004,1,1426,100,1005,1,79,100,1006,1,497,100,1007,1,36,100,1012,1,540,100,1013,1,60,100,,,,
*,32031,lv4绿,1,,,,,,,,,,,,,1001,1,1181,40,1002,1,12542,50,1003,1,101,100,1004,1,2146,100,1005,1,122,100,1006,1,756,100,1007,1,58,100,1012,1,552,100,1013,1,72,100,,,,
*,32041,lv5绿,1,,,,,,,,,,,,,1001,1,1676,40,1002,1,17813,50,1003,1,137,100,1004,1,3053,100,1005,1,166,100,1006,1,1073,100,1007,1,86,100,1012,1,564,100,1013,1,84,100,,,,
*,32051,lv6绿,1,,,,,,,,,,,,,1001,1,2270,40,1002,1,24142,50,1003,1,187,100,1004,1,4133,100,1005,1,230,100,1006,1,1447,100,1007,1,115,100,1012,1,576,100,1013,1,96,100,,,,
*,32061,lv7绿,1,,,,,,,,,,,,,1001,1,2970,40,1002,1,31522,50,1003,1,245,100,1004,1,5393,100,1005,1,302,100,1006,1,1894,100,1007,1,151,100,1012,1,588,100,1013,1,108,100,,,,
*,32071,lv8绿,1,,,,,,,,,,,,,1001,1,3762,40,1002,1,39960,50,1003,1,310,100,1004,1,6840,100,1005,1,382,100,1006,1,2398,100,1007,1,187,100,1012,1,600,100,1013,1,120,100,,,,
,,蓝,,,,,,,,,,,,,,,,攻击,,,,生命,,,,防御,,,,命中,,,,闪避,,,,暴击,,,,韧性,,,,暴增,,,,暴减,,,,,
*,33001,lv1蓝,1,,,,,,,,,,,,,1001,2,368,30,1002,2,3867,50,1003,2,27,100,1004,2,666,100,1005,2,36,100,1006,2,228,100,1007,2,18,100,1012,2,654,100,1013,2,46,100,,,,
*,33011,lv2蓝,1,,,,,,,,,,,,,1001,2,619,30,1002,2,6539,50,1003,2,55,100,1004,2,1122,100,1005,2,64,100,1006,2,392,100,1007,2,27,100,1012,2,669,100,1013,2,61,100,,,,
*,33021,lv3蓝,1,,,,,,,,,,,,,1001,2,995,30,1002,2,10543,50,1003,2,82,100,1004,2,1806,100,1005,2,100,100,1006,2,629,100,1007,2,46,100,1012,2,684,100,1013,2,76,100,,,,
*,33031,lv4蓝,1,,,,,,,,,,,,,1001,2,1496,30,1002,2,15887,50,1003,2,128,100,1004,2,2718,100,1005,2,155,100,1006,2,958,100,1007,2,73,100,1012,2,699,100,1013,2,91,100,,,,
*,33041,lv5蓝,1,,,,,,,,,,,,,1001,2,2123,30,1002,2,22563,50,1003,2,173,100,1004,2,3867,100,1005,2,210,100,1006,2,1359,100,1007,2,109,100,1012,2,714,100,1013,2,106,100,,,,
*,33051,lv6蓝,1,,,,,,,,,,,,,1001,2,2876,30,1002,2,30579,50,1003,2,237,100,1004,2,5235,100,1005,2,292,100,1006,2,1833,100,1007,2,146,100,1012,2,730,100,1013,2,122,100,,,,
*,33061,lv7蓝,1,,,,,,,,,,,,,1001,2,3762,30,1002,2,39927,50,1003,2,310,100,1004,2,6831,100,1005,2,383,100,1006,2,2399,100,1007,2,192,100,1012,2,745,100,1013,2,137,100,,,,
*,33071,lv8蓝,1,,,,,,,,,,,,,1001,2,4765,30,1002,2,50616,50,1003,2,392,100,1004,2,8664,100,1005,2,483,100,1006,2,3037,100,1007,2,237,100,1012,2,760,100,1013,2,152,100,,,,
,,紫,,,,,,,,,,,,,,,,攻击,,,,生命,,,,防御,,,,命中,,,,闪避,,,,暴击,,,,韧性,,,,暴增,,,,暴减,,,,,
*,34001,lv1紫,1,,,,,,,,,,,,,1001,3,426,20,1002,3,4477,50,1003,3,32,100,1004,3,771,100,1005,3,42,100,1006,3,264,100,1007,3,21,100,1012,3,757,100,1013,3,53,100,,,,
*,34011,lv2紫,1,,,,,,,,,,,,,1001,3,716,20,1002,3,7572,50,1003,3,63,100,1004,3,1299,100,1005,3,74,100,1006,3,454,100,1007,3,32,100,1012,3,774,100,1013,3,70,100,,,,
*,34021,lv3紫,1,,,,,,,,,,,,,1001,3,1152,20,1002,3,12207,50,1003,3,95,100,1004,3,2091,100,1005,3,116,100,1006,3,729,100,1007,3,53,100,1012,3,792,100,1013,3,88,100,,,,
*,34031,lv4紫,1,,,,,,,,,,,,,1001,3,1733,20,1002,3,18396,50,1003,3,148,100,1004,3,3147,100,1005,3,180,100,1006,3,1109,100,1007,3,84,100,1012,3,810,100,1013,3,106,100,,,,
*,34041,lv5紫,1,,,,,,,,,,,,,1001,3,2459,20,1002,3,26125,50,1003,3,201,100,1004,3,4477,100,1005,3,243,100,1006,3,1573,100,1007,3,127,100,1012,3,827,100,1013,3,123,100,,,,
*,34051,lv6紫,1,,,,,,,,,,,,,1001,3,3330,20,1002,3,35408,50,1003,3,275,100,1004,3,6061,100,1005,3,338,100,1006,3,2123,100,1007,3,169,100,1012,3,845,100,1013,3,141,100,,,,
*,34061,lv7紫,1,,,,,,,,,,,,,1001,3,4356,20,1002,3,46232,50,1003,3,359,100,1004,3,7909,100,1005,3,444,100,1006,3,2777,100,1007,3,222,100,1012,3,862,100,1013,3,158,100,,,,
*,34071,lv8紫,1,,,,,,,,,,,,,1001,3,5518,20,1002,3,58608,50,1003,3,454,100,1004,3,10032,100,1005,3,560,100,1006,3,3516,100,1007,3,275,100,1012,3,880,100,1013,3,176,100,,,,
