,部位,等级序列,械斗1,械斗2,械斗3,械斗4,拳击1,拳击2,拳击3,拳击4,抢匪1,抢匪2,抢匪3,抢匪4,升级经验参数K,升级经验参数B,类型1,值1,
,,INT,INT,INT,INT,INT,INT,INT,INT,INT,INT,INT,INT,INT,INT,INT,INT,INT,
*,PartID,Level,ParameterK1,ParameterK2,ParameterK3,ParameterK4,QJParameterK1,QJParameterK2,QJParameterK3,QJParameterK4,NQParameterK1,NQParameterK2,NQParameterK3,NQParameterK4,LevelupParameterK,LevelupParameterB,MoneyParameterK1,MoneyParameterB1,
*,0,1,1500,0,0,0,1500,0,0,0,1500,0,0,0,0,1,0,5000,
*,0,2,1500,0,0,0,1500,0,0,0,1500,0,0,0,0,1,0,10000,
*,0,3,1500,0,0,0,1500,0,0,0,1500,0,0,0,0,2,0,15000,
*,0,4,1500,0,0,0,1500,0,0,0,1500,0,0,0,0,2,0,20000,
*,0,5,1500,0,0,0,1500,0,0,0,1500,0,0,0,0,3,0,25000,
*,0,6,1500,0,0,0,1500,0,0,0,1500,0,0,0,0,3,0,30000,
*,0,7,1500,0,0,0,1500,0,0,0,1500,0,0,0,0,4,0,35000,
*,0,8,1500,0,0,0,1500,0,0,0,1500,0,0,0,0,4,0,40000,
*,0,9,1500,0,0,0,1500,0,0,0,1500,0,0,0,0,5,0,45000,
*,0,10,1500,0,0,0,1500,0,0,0,1500,0,0,0,0,5,0,50000,
*,0,11,3000,0,0,0,3000,0,0,0,3000,0,0,0,0,7,0,55000,
*,0,12,3000,0,0,0,3000,0,0,0,3000,0,0,0,0,7,0,60000,
*,0,13,3000,0,0,0,3000,0,0,0,3000,0,0,0,0,9,0,65000,
*,0,14,3000,0,0,0,3000,0,0,0,3000,0,0,0,0,9,0,70000,
*,0,15,3000,0,0,0,3000,0,0,0,3000,0,0,0,0,11,0,75000,
*,0,16,3000,0,0,0,3000,0,0,0,3000,0,0,0,0,11,0,120000,
*,0,17,3000,0,0,0,3000,0,0,0,3000,0,0,0,0,13,0,165000,
*,0,18,3000,0,0,0,3000,0,0,0,3000,0,0,0,0,13,0,210000,
*,0,19,3000,0,0,0,3000,0,0,0,3000,0,0,0,0,15,0,255000,
*,0,20,3000,0,0,0,3000,0,0,0,3000,0,0,0,0,15,0,300000,
*,0,21,4600,0,0,0,4600,0,0,0,4600,0,0,0,0,20,0,345000,
*,0,22,4600,0,0,0,4600,0,0,0,4600,0,0,0,0,20,0,400000,
*,0,23,4600,0,0,0,4600,0,0,0,4600,0,0,0,0,25,0,460000,
*,0,24,4600,0,0,0,4600,0,0,0,4600,0,0,0,0,25,0,550000,
*,0,25,4600,0,0,0,4600,0,0,0,4600,0,0,0,0,30,0,1500000,
*,0,26,4600,0,0,0,4600,0,0,0,4600,0,0,0,0,30,0,2700000,
*,0,27,4600,0,0,0,4600,0,0,0,4600,0,0,0,0,35,0,7000000,
*,0,28,4600,0,0,0,4600,0,0,0,4600,0,0,0,0,35,0,9000000,
*,0,29,4600,0,0,0,4600,0,0,0,4600,0,0,0,0,45,0,16000000,
*,0,30,4600,0,0,0,4600,0,0,0,4600,0,0,0,0,45,0,16000000,
*,0,31,6100,0,0,0,6100,0,0,0,6100,0,0,0,0,57,0,20880000,
*,0,32,6100,0,0,0,6100,0,0,0,6100,0,0,0,0,57,0,22320000,
*,0,33,6100,0,0,0,6100,0,0,0,6100,0,0,0,0,57,0,23760000,
*,0,34,6100,0,0,0,6100,0,0,0,6100,0,0,0,0,68,0,25200000,
*,0,35,6100,0,0,0,6100,0,0,0,6100,0,0,0,0,68,0,26640000,
*,0,36,6100,0,0,0,6100,0,0,0,6100,0,0,0,0,68,0,28080000,
*,0,37,6100,0,0,0,6100,0,0,0,6100,0,0,0,0,80,0,29520000,
*,0,38,6100,0,0,0,6100,0,0,0,6100,0,0,0,0,80,0,30960000,
*,0,39,6100,0,0,0,6100,0,0,0,6100,0,0,0,0,80,0,32400000,
*,0,40,6100,0,0,0,6100,0,0,0,6100,0,0,0,0,95,0,33840000,
*,0,41,7600,0,0,0,7600,0,0,0,7600,0,0,0,0,95,0,35280000,
*,0,42,7600,0,0,0,7600,0,0,0,7600,0,0,0,0,95,0,36720000,
*,0,43,7600,0,0,0,7600,0,0,0,7600,0,0,0,0,120,0,38160000,
*,0,44,7600,0,0,0,7600,0,0,0,7600,0,0,0,0,120,0,39600000,
*,0,45,7600,0,0,0,7600,0,0,0,7600,0,0,0,0,120,0,41040000,
*,0,46,7600,0,0,0,7600,0,0,0,7600,0,0,0,0,240,0,63720000,
*,0,47,7600,0,0,0,7600,0,0,0,7600,0,0,0,0,240,0,66960000,
*,0,48,7600,0,0,0,7600,0,0,0,7600,0,0,0,0,240,0,70200000,
*,0,49,7600,0,0,0,7600,0,0,0,7600,0,0,0,0,240,0,73440000,
*,0,50,7600,0,0,0,7600,0,0,0,7600,0,0,0,0,360,0,76680000,
*,0,51,9100,0,0,0,9100,0,0,0,9100,0,0,0,0,360,0,79920000,
*,0,52,9100,0,0,0,9100,0,0,0,9100,0,0,0,0,360,0,83160000,
*,0,53,9100,0,0,0,9100,0,0,0,9100,0,0,0,0,360,0,86400000,
*,0,54,9100,0,0,0,9100,0,0,0,9100,0,0,0,0,360,0,89640000,
*,0,55,9100,0,0,0,9100,0,0,0,9100,0,0,0,0,360,0,92880000,
*,0,56,9100,0,0,0,9100,0,0,0,9100,0,0,0,0,360,0,96120000,
*,0,57,9100,0,0,0,9100,0,0,0,9100,0,0,0,0,360,0,99360000,
*,0,58,9100,0,0,0,9100,0,0,0,9100,0,0,0,0,360,0,136800000,
*,0,59,9100,0,0,0,9100,0,0,0,9100,0,0,0,0,360,0,142560000,
*,0,60,9100,0,0,0,9100,0,0,0,9100,0,0,0,0,500,0,148320000,
*,0,61,10600,0,0,0,10600,0,0,0,10600,0,0,0,0,500,0,154080000,
*,0,62,10600,0,0,0,10600,0,0,0,10600,0,0,0,0,500,0,159840000,
*,0,63,10600,0,0,0,10600,0,0,0,10600,0,0,0,0,500,0,165600000,
*,0,64,10600,0,0,0,10600,0,0,0,10600,0,0,0,0,500,0,171360000,
*,0,65,10600,0,0,0,10600,0,0,0,10600,0,0,0,0,500,0,177120000,
*,0,66,10600,0,0,0,10600,0,0,0,10600,0,0,0,0,650,0,182880000,
*,0,67,10600,0,0,0,10600,0,0,0,10600,0,0,0,0,650,0,188640000,
*,0,68,10600,0,0,0,10600,0,0,0,10600,0,0,0,0,650,0,194400000,
*,0,69,10600,0,0,0,10600,0,0,0,10600,0,0,0,0,800,0,200160000,
*,0,70,10600,0,0,0,10600,0,0,0,10600,0,0,0,0,800,0,205920000,
*,0,71,12100,0,0,0,12100,0,0,0,12100,0,0,0,0,800,0,211680000,
*,0,72,12100,0,0,0,12100,0,0,0,12100,0,0,0,0,800,0,217440000,
*,0,73,12100,0,0,0,12100,0,0,0,12100,0,0,0,0,800,0,223200000,
*,0,74,12100,0,0,0,12100,0,0,0,12100,0,0,0,0,800,0,228960000,
*,0,75,12100,0,0,0,12100,0,0,0,12100,0,0,0,0,800,0,234720000,
*,0,76,12100,0,0,0,12100,0,0,0,12100,0,0,0,0,800,0,240480000,
*,0,77,12100,0,0,0,12100,0,0,0,12100,0,0,0,0,800,0,246240000,
*,0,78,12100,0,0,0,12100,0,0,0,12100,0,0,0,0,800,0,252000000,
*,0,79,12100,0,0,0,12100,0,0,0,12100,0,0,0,0,800,0,257760000,
*,0,80,12100,0,0,0,12100,0,0,0,12100,0,0,0,0,900,0,263520000,
*,1,1,400,0,0,0,700,0,0,0,300,0,0,0,0,1,0,5000,
*,1,2,400,0,0,0,700,0,0,0,300,0,0,0,0,1,0,10000,
*,1,3,400,0,0,0,700,0,0,0,300,0,0,0,0,2,0,15000,
*,1,4,400,0,0,0,700,0,0,0,300,0,0,0,0,2,0,20000,
*,1,5,400,0,0,0,700,0,0,0,300,0,0,0,0,3,0,25000,
*,1,6,400,0,0,0,700,0,0,0,300,0,0,0,0,3,0,30000,
*,1,7,400,0,0,0,700,0,0,0,300,0,0,0,0,4,0,35000,
*,1,8,400,0,0,0,700,0,0,0,300,0,0,0,0,4,0,40000,
*,1,9,400,0,0,0,700,0,0,0,300,0,0,0,0,5,0,45000,
*,1,10,400,0,0,0,700,0,0,0,300,0,0,0,0,5,0,50000,
*,1,11,900,0,0,0,1400,0,0,0,700,0,0,0,0,7,0,55000,
*,1,12,900,0,0,0,1400,0,0,0,700,0,0,0,0,7,0,60000,
*,1,13,900,0,0,0,1400,0,0,0,700,0,0,0,0,9,0,65000,
*,1,14,900,0,0,0,1400,0,0,0,700,0,0,0,0,9,0,70000,
*,1,15,900,0,0,0,1400,0,0,0,700,0,0,0,0,11,0,75000,
*,1,16,900,0,0,0,1400,0,0,0,700,0,0,0,0,11,0,120000,
*,1,17,900,0,0,0,1400,0,0,0,700,0,0,0,0,13,0,165000,
*,1,18,900,0,0,0,1400,0,0,0,700,0,0,0,0,13,0,210000,
*,1,19,900,0,0,0,1400,0,0,0,700,0,0,0,0,15,0,255000,
*,1,20,900,0,0,0,1400,0,0,0,700,0,0,0,0,15,0,300000,
*,1,21,1300,0,0,0,2100,0,0,0,1000,0,0,0,0,20,0,345000,
*,1,22,1300,0,0,0,2100,0,0,0,1000,0,0,0,0,20,0,400000,
*,1,23,1300,0,0,0,2100,0,0,0,1000,0,0,0,0,25,0,460000,
*,1,24,1300,0,0,0,2100,0,0,0,1000,0,0,0,0,25,0,550000,
*,1,25,1300,0,0,0,2100,0,0,0,1000,0,0,0,0,30,0,1500000,
*,1,26,1300,0,0,0,2100,0,0,0,1000,0,0,0,0,30,0,2700000,
*,1,27,1300,0,0,0,2100,0,0,0,1000,0,0,0,0,35,0,7000000,
*,1,28,1300,0,0,0,2100,0,0,0,1000,0,0,0,0,35,0,9000000,
*,1,29,1300,0,0,0,2100,0,0,0,1000,0,0,0,0,45,0,16000000,
*,1,30,1300,0,0,0,2100,0,0,0,1000,0,0,0,0,45,0,16000000,
*,1,31,1700,0,0,0,2700,0,0,0,1300,0,0,0,0,57,0,20880000,
*,1,32,1700,0,0,0,2700,0,0,0,1300,0,0,0,0,57,0,22320000,
*,1,33,1700,0,0,0,2700,0,0,0,1300,0,0,0,0,57,0,23760000,
*,1,34,1700,0,0,0,2700,0,0,0,1300,0,0,0,0,68,0,25200000,
*,1,35,1700,0,0,0,2700,0,0,0,1300,0,0,0,0,68,0,26640000,
*,1,36,1700,0,0,0,2700,0,0,0,1300,0,0,0,0,68,0,28080000,
*,1,37,1700,0,0,0,2700,0,0,0,1300,0,0,0,0,80,0,29520000,
*,1,38,1700,0,0,0,2700,0,0,0,1300,0,0,0,0,80,0,30960000,
*,1,39,1700,0,0,0,2700,0,0,0,1300,0,0,0,0,80,0,32400000,
*,1,40,1700,0,0,0,2700,0,0,0,1300,0,0,0,0,95,0,33840000,
*,1,41,2200,0,0,0,3400,0,0,0,1700,0,0,0,0,95,0,35280000,
*,1,42,2200,0,0,0,3400,0,0,0,1700,0,0,0,0,95,0,36720000,
*,1,43,2200,0,0,0,3400,0,0,0,1700,0,0,0,0,120,0,38160000,
*,1,44,2200,0,0,0,3400,0,0,0,1700,0,0,0,0,120,0,39600000,
*,1,45,2200,0,0,0,3400,0,0,0,1700,0,0,0,0,120,0,41040000,
*,1,46,2200,0,0,0,3400,0,0,0,1700,0,0,0,0,240,0,63720000,
*,1,47,2200,0,0,0,3400,0,0,0,1700,0,0,0,0,240,0,66960000,
*,1,48,2200,0,0,0,3400,0,0,0,1700,0,0,0,0,240,0,70200000,
*,1,49,2200,0,0,0,3400,0,0,0,1700,0,0,0,0,240,0,73440000,
*,1,50,2200,0,0,0,3400,0,0,0,1700,0,0,0,0,360,0,76680000,
*,1,51,2600,0,0,0,4100,0,0,0,2000,0,0,0,0,360,0,79920000,
*,1,52,2600,0,0,0,4100,0,0,0,2000,0,0,0,0,360,0,83160000,
*,1,53,2600,0,0,0,4100,0,0,0,2000,0,0,0,0,360,0,86400000,
*,1,54,2600,0,0,0,4100,0,0,0,2000,0,0,0,0,360,0,89640000,
*,1,55,2600,0,0,0,4100,0,0,0,2000,0,0,0,0,360,0,92880000,
*,1,56,2600,0,0,0,4100,0,0,0,2000,0,0,0,0,360,0,96120000,
*,1,57,2600,0,0,0,4100,0,0,0,2000,0,0,0,0,360,0,99360000,
*,1,58,2600,0,0,0,4100,0,0,0,2000,0,0,0,0,360,0,136800000,
*,1,59,2600,0,0,0,4100,0,0,0,2000,0,0,0,0,360,0,142560000,
*,1,60,2600,0,0,0,4100,0,0,0,2000,0,0,0,0,500,0,148320000,
*,1,61,3000,0,0,0,4800,0,0,0,2300,0,0,0,0,500,0,154080000,
*,1,62,3000,0,0,0,4800,0,0,0,2300,0,0,0,0,500,0,159840000,
*,1,63,3000,0,0,0,4800,0,0,0,2300,0,0,0,0,500,0,165600000,
*,1,64,3000,0,0,0,4800,0,0,0,2300,0,0,0,0,500,0,171360000,
*,1,65,3000,0,0,0,4800,0,0,0,2300,0,0,0,0,500,0,177120000,
*,1,66,3000,0,0,0,4800,0,0,0,2300,0,0,0,0,650,0,182880000,
*,1,67,3000,0,0,0,4800,0,0,0,2300,0,0,0,0,650,0,188640000,
*,1,68,3000,0,0,0,4800,0,0,0,2300,0,0,0,0,650,0,194400000,
*,1,69,3000,0,0,0,4800,0,0,0,2300,0,0,0,0,800,0,200160000,
*,1,70,3000,0,0,0,4800,0,0,0,2300,0,0,0,0,800,0,205920000,
*,1,71,3500,0,0,0,5500,0,0,0,2700,0,0,0,0,800,0,211680000,
*,1,72,3500,0,0,0,5500,0,0,0,2700,0,0,0,0,800,0,217440000,
*,1,73,3500,0,0,0,5500,0,0,0,2700,0,0,0,0,800,0,223200000,
*,1,74,3500,0,0,0,5500,0,0,0,2700,0,0,0,0,800,0,228960000,
*,1,75,3500,0,0,0,5500,0,0,0,2700,0,0,0,0,800,0,234720000,
*,1,76,3500,0,0,0,5500,0,0,0,2700,0,0,0,0,800,0,240480000,
*,1,77,3500,0,0,0,5500,0,0,0,2700,0,0,0,0,800,0,246240000,
*,1,78,3500,0,0,0,5500,0,0,0,2700,0,0,0,0,800,0,252000000,
*,1,79,3500,0,0,0,5500,0,0,0,2700,0,0,0,0,800,0,257760000,
*,1,80,3500,0,0,0,5500,0,0,0,2700,0,0,0,0,900,0,263520000,
*,2,1,64200,0,0,0,70000,0,0,0,43200,0,0,0,0,1,0,5000,
*,2,2,64200,0,0,0,70000,0,0,0,43200,0,0,0,0,1,0,10000,
*,2,3,64200,0,0,0,70000,0,0,0,43200,0,0,0,0,2,0,15000,
*,2,4,64200,0,0,0,70000,0,0,0,43200,0,0,0,0,2,0,20000,
*,2,5,64200,0,0,0,70000,0,0,0,43200,0,0,0,0,3,0,25000,
*,2,6,64200,0,0,0,70000,0,0,0,43200,0,0,0,0,3,0,30000,
*,2,7,64200,0,0,0,70000,0,0,0,43200,0,0,0,0,4,0,35000,
*,2,8,64200,0,0,0,70000,0,0,0,43200,0,0,0,0,4,0,40000,
*,2,9,64200,0,0,0,70000,0,0,0,43200,0,0,0,0,5,0,45000,
*,2,10,64200,0,0,0,70000,0,0,0,43200,0,0,0,0,5,0,50000,
*,2,11,128300,0,0,0,140000,0,0,0,86300,0,0,0,0,7,0,55000,
*,2,12,128300,0,0,0,140000,0,0,0,86300,0,0,0,0,7,0,60000,
*,2,13,128300,0,0,0,140000,0,0,0,86300,0,0,0,0,9,0,65000,
*,2,14,128300,0,0,0,140000,0,0,0,86300,0,0,0,0,9,0,70000,
*,2,15,128300,0,0,0,140000,0,0,0,86300,0,0,0,0,11,0,75000,
*,2,16,128300,0,0,0,140000,0,0,0,86300,0,0,0,0,11,0,120000,
*,2,17,128300,0,0,0,140000,0,0,0,86300,0,0,0,0,13,0,165000,
*,2,18,128300,0,0,0,140000,0,0,0,86300,0,0,0,0,13,0,210000,
*,2,19,128300,0,0,0,140000,0,0,0,86300,0,0,0,0,15,0,255000,
*,2,20,128300,0,0,0,140000,0,0,0,86300,0,0,0,0,15,0,300000,
*,2,21,192500,0,0,0,210000,0,0,0,129500,0,0,0,0,20,0,345000,
*,2,22,192500,0,0,0,210000,0,0,0,129500,0,0,0,0,20,0,400000,
*,2,23,192500,0,0,0,210000,0,0,0,129500,0,0,0,0,25,0,460000,
*,2,24,192500,0,0,0,210000,0,0,0,129500,0,0,0,0,25,0,550000,
*,2,25,192500,0,0,0,210000,0,0,0,129500,0,0,0,0,30,0,1500000,
*,2,26,192500,0,0,0,210000,0,0,0,129500,0,0,0,0,30,0,2700000,
*,2,27,192500,0,0,0,210000,0,0,0,129500,0,0,0,0,35,0,7000000,
*,2,28,192500,0,0,0,210000,0,0,0,129500,0,0,0,0,35,0,9000000,
*,2,29,192500,0,0,0,210000,0,0,0,129500,0,0,0,0,45,0,16000000,
*,2,30,192500,0,0,0,210000,0,0,0,129500,0,0,0,0,45,0,16000000,
*,2,31,256700,0,0,0,280000,0,0,0,172700,0,0,0,0,57,0,20880000,
*,2,32,256700,0,0,0,280000,0,0,0,172700,0,0,0,0,57,0,22320000,
*,2,33,256700,0,0,0,280000,0,0,0,172700,0,0,0,0,57,0,23760000,
*,2,34,256700,0,0,0,280000,0,0,0,172700,0,0,0,0,68,0,25200000,
*,2,35,256700,0,0,0,280000,0,0,0,172700,0,0,0,0,68,0,26640000,
*,2,36,256700,0,0,0,280000,0,0,0,172700,0,0,0,0,68,0,28080000,
*,2,37,256700,0,0,0,280000,0,0,0,172700,0,0,0,0,80,0,29520000,
*,2,38,256700,0,0,0,280000,0,0,0,172700,0,0,0,0,80,0,30960000,
*,2,39,256700,0,0,0,280000,0,0,0,172700,0,0,0,0,80,0,32400000,
*,2,40,256700,0,0,0,280000,0,0,0,172700,0,0,0,0,95,0,33840000,
*,2,41,320800,0,0,0,350000,0,0,0,215800,0,0,0,0,95,0,35280000,
*,2,42,320800,0,0,0,350000,0,0,0,215800,0,0,0,0,95,0,36720000,
*,2,43,320800,0,0,0,350000,0,0,0,215800,0,0,0,0,120,0,38160000,
*,2,44,320800,0,0,0,350000,0,0,0,215800,0,0,0,0,120,0,39600000,
*,2,45,320800,0,0,0,350000,0,0,0,215800,0,0,0,0,120,0,41040000,
*,2,46,320800,0,0,0,350000,0,0,0,215800,0,0,0,0,240,0,63720000,
*,2,47,320800,0,0,0,350000,0,0,0,215800,0,0,0,0,240,0,66960000,
*,2,48,320800,0,0,0,350000,0,0,0,215800,0,0,0,0,240,0,70200000,
*,2,49,320800,0,0,0,350000,0,0,0,215800,0,0,0,0,240,0,73440000,
*,2,50,320800,0,0,0,350000,0,0,0,215800,0,0,0,0,360,0,76680000,
*,2,51,385000,0,0,0,420000,0,0,0,259000,0,0,0,0,360,0,79920000,
*,2,52,385000,0,0,0,420000,0,0,0,259000,0,0,0,0,360,0,83160000,
*,2,53,385000,0,0,0,420000,0,0,0,259000,0,0,0,0,360,0,86400000,
*,2,54,385000,0,0,0,420000,0,0,0,259000,0,0,0,0,360,0,89640000,
*,2,55,385000,0,0,0,420000,0,0,0,259000,0,0,0,0,360,0,92880000,
*,2,56,385000,0,0,0,420000,0,0,0,259000,0,0,0,0,360,0,96120000,
*,2,57,385000,0,0,0,420000,0,0,0,259000,0,0,0,0,360,0,99360000,
*,2,58,385000,0,0,0,420000,0,0,0,259000,0,0,0,0,360,0,136800000,
*,2,59,385000,0,0,0,420000,0,0,0,259000,0,0,0,0,360,0,142560000,
*,2,60,385000,0,0,0,420000,0,0,0,259000,0,0,0,0,500,0,148320000,
*,2,61,449200,0,0,0,490000,0,0,0,302200,0,0,0,0,500,0,154080000,
*,2,62,449200,0,0,0,490000,0,0,0,302200,0,0,0,0,500,0,159840000,
*,2,63,449200,0,0,0,490000,0,0,0,302200,0,0,0,0,500,0,165600000,
*,2,64,449200,0,0,0,490000,0,0,0,302200,0,0,0,0,500,0,171360000,
*,2,65,449200,0,0,0,490000,0,0,0,302200,0,0,0,0,500,0,177120000,
*,2,66,449200,0,0,0,490000,0,0,0,302200,0,0,0,0,650,0,182880000,
*,2,67,449200,0,0,0,490000,0,0,0,302200,0,0,0,0,650,0,188640000,
*,2,68,449200,0,0,0,490000,0,0,0,302200,0,0,0,0,650,0,194400000,
*,2,69,449200,0,0,0,490000,0,0,0,302200,0,0,0,0,800,0,200160000,
*,2,70,449200,0,0,0,490000,0,0,0,302200,0,0,0,0,800,0,205920000,
*,2,71,513300,0,0,0,560000,0,0,0,345300,0,0,0,0,800,0,211680000,
*,2,72,513300,0,0,0,560000,0,0,0,345300,0,0,0,0,800,0,217440000,
*,2,73,513300,0,0,0,560000,0,0,0,345300,0,0,0,0,800,0,223200000,
*,2,74,513300,0,0,0,560000,0,0,0,345300,0,0,0,0,800,0,228960000,
*,2,75,513300,0,0,0,560000,0,0,0,345300,0,0,0,0,800,0,234720000,
*,2,76,513300,0,0,0,560000,0,0,0,345300,0,0,0,0,800,0,240480000,
*,2,77,513300,0,0,0,560000,0,0,0,345300,0,0,0,0,800,0,246240000,
*,2,78,513300,0,0,0,560000,0,0,0,345300,0,0,0,0,800,0,252000000,
*,2,79,513300,0,0,0,560000,0,0,0,345300,0,0,0,0,800,0,257760000,
*,2,80,513300,0,0,0,560000,0,0,0,345300,0,0,0,0,900,0,263520000,
*,3,1,3500,400,0,0,2200,400,0,0,7400,400,0,0,0,1,0,5000,
*,3,2,3500,400,0,0,2200,400,0,0,7400,400,0,0,0,1,0,10000,
*,3,3,3500,400,0,0,2200,400,0,0,7400,400,0,0,0,2,0,15000,
*,3,4,3500,400,0,0,2200,400,0,0,7400,400,0,0,0,2,0,20000,
*,3,5,3500,400,0,0,2200,400,0,0,7400,400,0,0,0,3,0,25000,
*,3,6,3500,400,0,0,2200,400,0,0,7400,400,0,0,0,3,0,30000,
*,3,7,3500,400,0,0,2200,400,0,0,7400,400,0,0,0,4,0,35000,
*,3,8,3500,400,0,0,2200,400,0,0,7400,400,0,0,0,4,0,40000,
*,3,9,3500,400,0,0,2200,400,0,0,7400,400,0,0,0,5,0,45000,
*,3,10,3500,400,0,0,2200,400,0,0,7400,400,0,0,0,5,0,50000,
*,3,11,7000,800,0,0,4400,800,0,0,14800,800,0,0,0,7,0,55000,
*,3,12,7000,800,0,0,4400,800,0,0,14800,800,0,0,0,7,0,60000,
*,3,13,7000,800,0,0,4400,800,0,0,14800,800,0,0,0,9,0,65000,
*,3,14,7000,800,0,0,4400,800,0,0,14800,800,0,0,0,9,0,70000,
*,3,15,7000,800,0,0,4400,800,0,0,14800,800,0,0,0,11,0,75000,
*,3,16,7000,800,0,0,4400,800,0,0,14800,800,0,0,0,11,0,120000,
*,3,17,7000,800,0,0,4400,800,0,0,14800,800,0,0,0,13,0,165000,
*,3,18,7000,800,0,0,4400,800,0,0,14800,800,0,0,0,13,0,210000,
*,3,19,7000,800,0,0,4400,800,0,0,14800,800,0,0,0,15,0,255000,
*,3,20,7000,800,0,0,4400,800,0,0,14800,800,0,0,0,15,0,300000,
*,3,21,10500,1200,0,0,6600,1200,0,0,22200,1200,0,0,0,20,0,345000,
*,3,22,10500,1200,0,0,6600,1200,0,0,22200,1200,0,0,0,20,0,400000,
*,3,23,10500,1200,0,0,6600,1200,0,0,22200,1200,0,0,0,25,0,460000,
*,3,24,10500,1200,0,0,6600,1200,0,0,22200,1200,0,0,0,25,0,550000,
*,3,25,10500,1200,0,0,6600,1200,0,0,22200,1200,0,0,0,30,0,1500000,
*,3,26,10500,1200,0,0,6600,1200,0,0,22200,1200,0,0,0,30,0,2700000,
*,3,27,10500,1200,0,0,6600,1200,0,0,22200,1200,0,0,0,35,0,7000000,
*,3,28,10500,1200,0,0,6600,1200,0,0,22200,1200,0,0,0,35,0,9000000,
*,3,29,10500,1200,0,0,6600,1200,0,0,22200,1200,0,0,0,45,0,16000000,
*,3,30,10500,1200,0,0,6600,1200,0,0,22200,1200,0,0,0,45,0,16000000,
*,3,31,14000,1600,0,0,8800,1600,0,0,29600,1600,0,0,0,57,0,20880000,
*,3,32,14000,1600,0,0,8800,1600,0,0,29600,1600,0,0,0,57,0,22320000,
*,3,33,14000,1600,0,0,8800,1600,0,0,29600,1600,0,0,0,57,0,23760000,
*,3,34,14000,1600,0,0,8800,1600,0,0,29600,1600,0,0,0,68,0,25200000,
*,3,35,14000,1600,0,0,8800,1600,0,0,29600,1600,0,0,0,68,0,26640000,
*,3,36,14000,1600,0,0,8800,1600,0,0,29600,1600,0,0,0,68,0,28080000,
*,3,37,14000,1600,0,0,8800,1600,0,0,29600,1600,0,0,0,80,0,29520000,
*,3,38,14000,1600,0,0,8800,1600,0,0,29600,1600,0,0,0,80,0,30960000,
*,3,39,14000,1600,0,0,8800,1600,0,0,29600,1600,0,0,0,80,0,32400000,
*,3,40,14000,1600,0,0,8800,1600,0,0,29600,1600,0,0,0,95,0,33840000,
*,3,41,17500,2100,0,0,11000,2100,0,0,36900,2100,0,0,0,95,0,35280000,
*,3,42,17500,2100,0,0,11000,2100,0,0,36900,2100,0,0,0,95,0,36720000,
*,3,43,17500,2100,0,0,11000,2100,0,0,36900,2100,0,0,0,120,0,38160000,
*,3,44,17500,2100,0,0,11000,2100,0,0,36900,2100,0,0,0,120,0,39600000,
*,3,45,17500,2100,0,0,11000,2100,0,0,36900,2100,0,0,0,120,0,41040000,
*,3,46,17500,2100,0,0,11000,2100,0,0,36900,2100,0,0,0,240,0,63720000,
*,3,47,17500,2100,0,0,11000,2100,0,0,36900,2100,0,0,0,240,0,66960000,
*,3,48,17500,2100,0,0,11000,2100,0,0,36900,2100,0,0,0,240,0,70200000,
*,3,49,17500,2100,0,0,11000,2100,0,0,36900,2100,0,0,0,240,0,73440000,
*,3,50,17500,2100,0,0,11000,2100,0,0,36900,2100,0,0,0,360,0,76680000,
*,3,51,21000,2500,0,0,13200,2500,0,0,44300,2500,0,0,0,360,0,79920000,
*,3,52,21000,2500,0,0,13200,2500,0,0,44300,2500,0,0,0,360,0,83160000,
*,3,53,21000,2500,0,0,13200,2500,0,0,44300,2500,0,0,0,360,0,86400000,
*,3,54,21000,2500,0,0,13200,2500,0,0,44300,2500,0,0,0,360,0,89640000,
*,3,55,21000,2500,0,0,13200,2500,0,0,44300,2500,0,0,0,360,0,92880000,
*,3,56,21000,2500,0,0,13200,2500,0,0,44300,2500,0,0,0,360,0,96120000,
*,3,57,21000,2500,0,0,13200,2500,0,0,44300,2500,0,0,0,360,0,99360000,
*,3,58,21000,2500,0,0,13200,2500,0,0,44300,2500,0,0,0,360,0,136800000,
*,3,59,21000,2500,0,0,13200,2500,0,0,44300,2500,0,0,0,360,0,142560000,
*,3,60,21000,2500,0,0,13200,2500,0,0,44300,2500,0,0,0,500,0,148320000,
*,3,61,24500,2900,0,0,15400,2900,0,0,51700,2900,0,0,0,500,0,154080000,
*,3,62,24500,2900,0,0,15400,2900,0,0,51700,2900,0,0,0,500,0,159840000,
*,3,63,24500,2900,0,0,15400,2900,0,0,51700,2900,0,0,0,500,0,165600000,
*,3,64,24500,2900,0,0,15400,2900,0,0,51700,2900,0,0,0,500,0,171360000,
*,3,65,24500,2900,0,0,15400,2900,0,0,51700,2900,0,0,0,500,0,177120000,
*,3,66,24500,2900,0,0,15400,2900,0,0,51700,2900,0,0,0,650,0,182880000,
*,3,67,24500,2900,0,0,15400,2900,0,0,51700,2900,0,0,0,650,0,188640000,
*,3,68,24500,2900,0,0,15400,2900,0,0,51700,2900,0,0,0,650,0,194400000,
*,3,69,24500,2900,0,0,15400,2900,0,0,51700,2900,0,0,0,800,0,200160000,
*,3,70,24500,2900,0,0,15400,2900,0,0,51700,2900,0,0,0,800,0,205920000,
*,3,71,28000,3300,0,0,17600,3300,0,0,59100,3300,0,0,0,800,0,211680000,
*,3,72,28000,3300,0,0,17600,3300,0,0,59100,3300,0,0,0,800,0,217440000,
*,3,73,28000,3300,0,0,17600,3300,0,0,59100,3300,0,0,0,800,0,223200000,
*,3,74,28000,3300,0,0,17600,3300,0,0,59100,3300,0,0,0,800,0,228960000,
*,3,75,28000,3300,0,0,17600,3300,0,0,59100,3300,0,0,0,800,0,234720000,
*,3,76,28000,3300,0,0,17600,3300,0,0,59100,3300,0,0,0,800,0,240480000,
*,3,77,28000,3300,0,0,17600,3300,0,0,59100,3300,0,0,0,800,0,246240000,
*,3,78,28000,3300,0,0,17600,3300,0,0,59100,3300,0,0,0,800,0,252000000,
*,3,79,28000,3300,0,0,17600,3300,0,0,59100,3300,0,0,0,800,0,257760000,
*,3,80,28000,3300,0,0,17600,3300,0,0,59100,3300,0,0,0,900,0,263520000,
*,4,1,1700,200,0,0,1000,200,0,0,2600,200,0,0,0,1,0,5000,
*,4,2,1700,200,0,0,1000,200,0,0,2600,200,0,0,0,1,0,10000,
*,4,3,1700,200,0,0,1000,200,0,0,2600,200,0,0,0,2,0,15000,
*,4,4,1700,200,0,0,1000,200,0,0,2600,200,0,0,0,2,0,20000,
*,4,5,1700,200,0,0,1000,200,0,0,2600,200,0,0,0,3,0,25000,
*,4,6,1700,200,0,0,1000,200,0,0,2600,200,0,0,0,3,0,30000,
*,4,7,1700,200,0,0,1000,200,0,0,2600,200,0,0,0,4,0,35000,
*,4,8,1700,200,0,0,1000,200,0,0,2600,200,0,0,0,4,0,40000,
*,4,9,1700,200,0,0,1000,200,0,0,2600,200,0,0,0,5,0,45000,
*,4,10,1700,200,0,0,1000,200,0,0,2600,200,0,0,0,5,0,50000,
*,4,11,3300,400,0,0,1900,400,0,0,5200,400,0,0,0,7,0,55000,
*,4,12,3300,400,0,0,1900,400,0,0,5200,400,0,0,0,7,0,60000,
*,4,13,3300,400,0,0,1900,400,0,0,5200,400,0,0,0,9,0,65000,
*,4,14,3300,400,0,0,1900,400,0,0,5200,400,0,0,0,9,0,70000,
*,4,15,3300,400,0,0,1900,400,0,0,5200,400,0,0,0,11,0,75000,
*,4,16,3300,400,0,0,1900,400,0,0,5200,400,0,0,0,11,0,120000,
*,4,17,3300,400,0,0,1900,400,0,0,5200,400,0,0,0,13,0,165000,
*,4,18,3300,400,0,0,1900,400,0,0,5200,400,0,0,0,13,0,210000,
*,4,19,3300,400,0,0,1900,400,0,0,5200,400,0,0,0,15,0,255000,
*,4,20,3300,400,0,0,1900,400,0,0,5200,400,0,0,0,15,0,300000,
*,4,21,5000,600,0,0,2900,600,0,0,7800,600,0,0,0,20,0,345000,
*,4,22,5000,600,0,0,2900,600,0,0,7800,600,0,0,0,20,0,400000,
*,4,23,5000,600,0,0,2900,600,0,0,7800,600,0,0,0,25,0,460000,
*,4,24,5000,600,0,0,2900,600,0,0,7800,600,0,0,0,25,0,550000,
*,4,25,5000,600,0,0,2900,600,0,0,7800,600,0,0,0,30,0,1500000,
*,4,26,5000,600,0,0,2900,600,0,0,7800,600,0,0,0,30,0,2700000,
*,4,27,5000,600,0,0,2900,600,0,0,7800,600,0,0,0,35,0,7000000,
*,4,28,5000,600,0,0,2900,600,0,0,7800,600,0,0,0,35,0,9000000,
*,4,29,5000,600,0,0,2900,600,0,0,7800,600,0,0,0,45,0,16000000,
*,4,30,5000,600,0,0,2900,600,0,0,7800,600,0,0,0,45,0,16000000,
*,4,31,6700,800,0,0,3900,800,0,0,10400,800,0,0,0,57,0,20880000,
*,4,32,6700,800,0,0,3900,800,0,0,10400,800,0,0,0,57,0,22320000,
*,4,33,6700,800,0,0,3900,800,0,0,10400,800,0,0,0,57,0,23760000,
*,4,34,6700,800,0,0,3900,800,0,0,10400,800,0,0,0,68,0,25200000,
*,4,35,6700,800,0,0,3900,800,0,0,10400,800,0,0,0,68,0,26640000,
*,4,36,6700,800,0,0,3900,800,0,0,10400,800,0,0,0,68,0,28080000,
*,4,37,6700,800,0,0,3900,800,0,0,10400,800,0,0,0,80,0,29520000,
*,4,38,6700,800,0,0,3900,800,0,0,10400,800,0,0,0,80,0,30960000,
*,4,39,6700,800,0,0,3900,800,0,0,10400,800,0,0,0,80,0,32400000,
*,4,40,6700,800,0,0,3900,800,0,0,10400,800,0,0,0,95,0,33840000,
*,4,41,8300,1000,0,0,4900,1000,0,0,13000,1000,0,0,0,95,0,35280000,
*,4,42,8300,1000,0,0,4900,1000,0,0,13000,1000,0,0,0,95,0,36720000,
*,4,43,8300,1000,0,0,4900,1000,0,0,13000,1000,0,0,0,120,0,38160000,
*,4,44,8300,1000,0,0,4900,1000,0,0,13000,1000,0,0,0,120,0,39600000,
*,4,45,8300,1000,0,0,4900,1000,0,0,13000,1000,0,0,0,120,0,41040000,
*,4,46,8300,1000,0,0,4900,1000,0,0,13000,1000,0,0,0,240,0,63720000,
*,4,47,8300,1000,0,0,4900,1000,0,0,13000,1000,0,0,0,240,0,66960000,
*,4,48,8300,1000,0,0,4900,1000,0,0,13000,1000,0,0,0,240,0,70200000,
*,4,49,8300,1000,0,0,4900,1000,0,0,13000,1000,0,0,0,240,0,73440000,
*,4,50,8300,1000,0,0,4900,1000,0,0,13000,1000,0,0,0,360,0,76680000,
*,4,51,10000,1200,0,0,5800,1200,0,0,15500,1200,0,0,0,360,0,79920000,
*,4,52,10000,1200,0,0,5800,1200,0,0,15500,1200,0,0,0,360,0,83160000,
*,4,53,10000,1200,0,0,5800,1200,0,0,15500,1200,0,0,0,360,0,86400000,
*,4,54,10000,1200,0,0,5800,1200,0,0,15500,1200,0,0,0,360,0,89640000,
*,4,55,10000,1200,0,0,5800,1200,0,0,15500,1200,0,0,0,360,0,92880000,
*,4,56,10000,1200,0,0,5800,1200,0,0,15500,1200,0,0,0,360,0,96120000,
*,4,57,10000,1200,0,0,5800,1200,0,0,15500,1200,0,0,0,360,0,99360000,
*,4,58,10000,1200,0,0,5800,1200,0,0,15500,1200,0,0,0,360,0,136800000,
*,4,59,10000,1200,0,0,5800,1200,0,0,15500,1200,0,0,0,360,0,142560000,
*,4,60,10000,1200,0,0,5800,1200,0,0,15500,1200,0,0,0,500,0,148320000,
*,4,61,11700,1400,0,0,6800,1400,0,0,18100,1400,0,0,0,500,0,154080000,
*,4,62,11700,1400,0,0,6800,1400,0,0,18100,1400,0,0,0,500,0,159840000,
*,4,63,11700,1400,0,0,6800,1400,0,0,18100,1400,0,0,0,500,0,165600000,
*,4,64,11700,1400,0,0,6800,1400,0,0,18100,1400,0,0,0,500,0,171360000,
*,4,65,11700,1400,0,0,6800,1400,0,0,18100,1400,0,0,0,500,0,177120000,
*,4,66,11700,1400,0,0,6800,1400,0,0,18100,1400,0,0,0,650,0,182880000,
*,4,67,11700,1400,0,0,6800,1400,0,0,18100,1400,0,0,0,650,0,188640000,
*,4,68,11700,1400,0,0,6800,1400,0,0,18100,1400,0,0,0,650,0,194400000,
*,4,69,11700,1400,0,0,6800,1400,0,0,18100,1400,0,0,0,800,0,200160000,
*,4,70,11700,1400,0,0,6800,1400,0,0,18100,1400,0,0,0,800,0,205920000,
*,4,71,13300,1600,0,0,7800,1600,0,0,20700,1600,0,0,0,800,0,211680000,
*,4,72,13300,1600,0,0,7800,1600,0,0,20700,1600,0,0,0,800,0,217440000,
*,4,73,13300,1600,0,0,7800,1600,0,0,20700,1600,0,0,0,800,0,223200000,
*,4,74,13300,1600,0,0,7800,1600,0,0,20700,1600,0,0,0,800,0,228960000,
*,4,75,13300,1600,0,0,7800,1600,0,0,20700,1600,0,0,0,800,0,234720000,
*,4,76,13300,1600,0,0,7800,1600,0,0,20700,1600,0,0,0,800,0,240480000,
*,4,77,13300,1600,0,0,7800,1600,0,0,20700,1600,0,0,0,800,0,246240000,
*,4,78,13300,1600,0,0,7800,1600,0,0,20700,1600,0,0,0,800,0,252000000,
*,4,79,13300,1600,0,0,7800,1600,0,0,20700,1600,0,0,0,800,0,257760000,
*,4,80,13300,1600,0,0,7800,1600,0,0,20700,1600,0,0,0,900,0,263520000,
*,5,1,1600,0,0,0,1500,0,0,0,2200,0,0,0,0,1,0,5000,
*,5,2,1600,0,0,0,1500,0,0,0,2200,0,0,0,0,1,0,10000,
*,5,3,1600,0,0,0,1500,0,0,0,2200,0,0,0,0,2,0,15000,
*,5,4,1600,0,0,0,1500,0,0,0,2200,0,0,0,0,2,0,20000,
*,5,5,1600,0,0,0,1500,0,0,0,2200,0,0,0,0,3,0,25000,
*,5,6,1600,0,0,0,1500,0,0,0,2200,0,0,0,0,3,0,30000,
*,5,7,1600,0,0,0,1500,0,0,0,2200,0,0,0,0,4,0,35000,
*,5,8,1600,0,0,0,1500,0,0,0,2200,0,0,0,0,4,0,40000,
*,5,9,1600,0,0,0,1500,0,0,0,2200,0,0,0,0,5,0,45000,
*,5,10,1600,0,0,0,1500,0,0,0,2200,0,0,0,0,5,0,50000,
*,5,11,3200,0,0,0,3000,0,0,0,4400,0,0,0,0,7,0,55000,
*,5,12,3200,0,0,0,3000,0,0,0,4400,0,0,0,0,7,0,60000,
*,5,13,3200,0,0,0,3000,0,0,0,4400,0,0,0,0,9,0,65000,
*,5,14,3200,0,0,0,3000,0,0,0,4400,0,0,0,0,9,0,70000,
*,5,15,3200,0,0,0,3000,0,0,0,4400,0,0,0,0,11,0,75000,
*,5,16,3200,0,0,0,3000,0,0,0,4400,0,0,0,0,11,0,120000,
*,5,17,3200,0,0,0,3000,0,0,0,4400,0,0,0,0,13,0,165000,
*,5,18,3200,0,0,0,3000,0,0,0,4400,0,0,0,0,13,0,210000,
*,5,19,3200,0,0,0,3000,0,0,0,4400,0,0,0,0,15,0,255000,
*,5,20,3200,0,0,0,3000,0,0,0,4400,0,0,0,0,15,0,300000,
*,5,21,4800,0,0,0,4600,0,0,0,6700,0,0,0,0,20,0,345000,
*,5,22,4800,0,0,0,4600,0,0,0,6700,0,0,0,0,20,0,400000,
*,5,23,4800,0,0,0,4600,0,0,0,6700,0,0,0,0,25,0,460000,
*,5,24,4800,0,0,0,4600,0,0,0,6700,0,0,0,0,25,0,550000,
*,5,25,4800,0,0,0,4600,0,0,0,6700,0,0,0,0,30,0,1500000,
*,5,26,4800,0,0,0,4600,0,0,0,6700,0,0,0,0,30,0,2700000,
*,5,27,4800,0,0,0,4600,0,0,0,6700,0,0,0,0,35,0,7000000,
*,5,28,4800,0,0,0,4600,0,0,0,6700,0,0,0,0,35,0,9000000,
*,5,29,4800,0,0,0,4600,0,0,0,6700,0,0,0,0,45,0,16000000,
*,5,30,4800,0,0,0,4600,0,0,0,6700,0,0,0,0,45,0,16000000,
*,5,31,6400,0,0,0,6100,0,0,0,8900,0,0,0,0,57,0,20880000,
*,5,32,6400,0,0,0,6100,0,0,0,8900,0,0,0,0,57,0,22320000,
*,5,33,6400,0,0,0,6100,0,0,0,8900,0,0,0,0,57,0,23760000,
*,5,34,6400,0,0,0,6100,0,0,0,8900,0,0,0,0,68,0,25200000,
*,5,35,6400,0,0,0,6100,0,0,0,8900,0,0,0,0,68,0,26640000,
*,5,36,6400,0,0,0,6100,0,0,0,8900,0,0,0,0,68,0,28080000,
*,5,37,6400,0,0,0,6100,0,0,0,8900,0,0,0,0,80,0,29520000,
*,5,38,6400,0,0,0,6100,0,0,0,8900,0,0,0,0,80,0,30960000,
*,5,39,6400,0,0,0,6100,0,0,0,8900,0,0,0,0,80,0,32400000,
*,5,40,6400,0,0,0,6100,0,0,0,8900,0,0,0,0,95,0,33840000,
*,5,41,8000,0,0,0,7600,0,0,0,11100,0,0,0,0,95,0,35280000,
*,5,42,8000,0,0,0,7600,0,0,0,11100,0,0,0,0,95,0,36720000,
*,5,43,8000,0,0,0,7600,0,0,0,11100,0,0,0,0,120,0,38160000,
*,5,44,8000,0,0,0,7600,0,0,0,11100,0,0,0,0,120,0,39600000,
*,5,45,8000,0,0,0,7600,0,0,0,11100,0,0,0,0,120,0,41040000,
*,5,46,8000,0,0,0,7600,0,0,0,11100,0,0,0,0,240,0,63720000,
*,5,47,8000,0,0,0,7600,0,0,0,11100,0,0,0,0,240,0,66960000,
*,5,48,8000,0,0,0,7600,0,0,0,11100,0,0,0,0,240,0,70200000,
*,5,49,8000,0,0,0,7600,0,0,0,11100,0,0,0,0,240,0,73440000,
*,5,50,8000,0,0,0,7600,0,0,0,11100,0,0,0,0,360,0,76680000,
*,5,51,9600,0,0,0,9100,0,0,0,13300,0,0,0,0,360,0,79920000,
*,5,52,9600,0,0,0,9100,0,0,0,13300,0,0,0,0,360,0,83160000,
*,5,53,9600,0,0,0,9100,0,0,0,13300,0,0,0,0,360,0,86400000,
*,5,54,9600,0,0,0,9100,0,0,0,13300,0,0,0,0,360,0,89640000,
*,5,55,9600,0,0,0,9100,0,0,0,13300,0,0,0,0,360,0,92880000,
*,5,56,9600,0,0,0,9100,0,0,0,13300,0,0,0,0,360,0,96120000,
*,5,57,9600,0,0,0,9100,0,0,0,13300,0,0,0,0,360,0,99360000,
*,5,58,9600,0,0,0,9100,0,0,0,13300,0,0,0,0,360,0,136800000,
*,5,59,9600,0,0,0,9100,0,0,0,13300,0,0,0,0,360,0,142560000,
*,5,60,9600,0,0,0,9100,0,0,0,13300,0,0,0,0,500,0,148320000,
*,5,61,11200,0,0,0,10600,0,0,0,15500,0,0,0,0,500,0,154080000,
*,5,62,11200,0,0,0,10600,0,0,0,15500,0,0,0,0,500,0,159840000,
*,5,63,11200,0,0,0,10600,0,0,0,15500,0,0,0,0,500,0,165600000,
*,5,64,11200,0,0,0,10600,0,0,0,15500,0,0,0,0,500,0,171360000,
*,5,65,11200,0,0,0,10600,0,0,0,15500,0,0,0,0,500,0,177120000,
*,5,66,11200,0,0,0,10600,0,0,0,15500,0,0,0,0,650,0,182880000,
*,5,67,11200,0,0,0,10600,0,0,0,15500,0,0,0,0,650,0,188640000,
*,5,68,11200,0,0,0,10600,0,0,0,15500,0,0,0,0,650,0,194400000,
*,5,69,11200,0,0,0,10600,0,0,0,15500,0,0,0,0,800,0,200160000,
*,5,70,11200,0,0,0,10600,0,0,0,15500,0,0,0,0,800,0,205920000,
*,5,71,12800,0,0,0,12100,0,0,0,17700,0,0,0,0,800,0,211680000,
*,5,72,12800,0,0,0,12100,0,0,0,17700,0,0,0,0,800,0,217440000,
*,5,73,12800,0,0,0,12100,0,0,0,17700,0,0,0,0,800,0,223200000,
*,5,74,12800,0,0,0,12100,0,0,0,17700,0,0,0,0,800,0,228960000,
*,5,75,12800,0,0,0,12100,0,0,0,17700,0,0,0,0,800,0,234720000,
*,5,76,12800,0,0,0,12100,0,0,0,17700,0,0,0,0,800,0,240480000,
*,5,77,12800,0,0,0,12100,0,0,0,17700,0,0,0,0,800,0,246240000,
*,5,78,12800,0,0,0,12100,0,0,0,17700,0,0,0,0,800,0,252000000,
*,5,79,12800,0,0,0,12100,0,0,0,17700,0,0,0,0,800,0,257760000,
*,5,80,12800,0,0,0,12100,0,0,0,17700,0,0,0,0,900,0,263520000,
