,,,星盘等级,星盘名称,数值类型1,数值,数值类型2,数值2,花费1,,,,卡机等级,,,星盘图片
,STRING,STRING,INT,STRING,INT,INT,INT,INT,STRING,INT,STRING,INT,INT,FLOAT,FLOAT,string
*,ID,MapID,Lv,MapName,Status1,Value1,Status2,Value2,CostID1,Cost1,CostID2,Cost2,UnlockLevel,PosX,PosY,PicName
*,1,1,1,#{106003},1007,26,1002,7954,1004,20000,1001,175000,1,-97,-57,CZ_xingPan_Aries
*,2,1,2,#{106003},1005,50,1006,207,1004,20000,1001,185000,1,-65,3,CZ_xingPan_Aries
*,3,1,3,#{106003},1003,54,1004,434,1004,20000,1001,195000,1,-46,34,CZ_xingPan_Aries
*,4,1,4,#{106003},1002,7954,1001,395,1004,20000,1001,205000,1,-3,100,CZ_xingPan_Aries
*,5,1,5,#{106003},1006,207,1007,26,1004,20000,1001,215000,1,48,87,CZ_xingPan_Aries
*,6,1,6,#{106003},1004,434,1005,50,1004,20000,1001,225000,1,105,73,CZ_xingPan_Aries
*,7,2,1,#{106004},1001,395,1003,54,1004,28000,1001,235000,2,-112,-58,CZ_xingPan_Taurus
*,8,2,2,#{106004},1007,26,1002,7954,1004,28000,1001,245000,2,-81,-26,CZ_xingPan_Taurus
*,9,2,3,#{106004},1005,50,1006,207,1004,28000,1001,260000,2,114,-6,CZ_xingPan_Taurus
*,10,2,4,#{106004},1003,54,1004,434,1004,28000,1001,270000,2,34,-21,CZ_xingPan_Taurus
*,11,2,5,#{106004},1002,7954,1001,395,1004,28000,1001,285000,2,-23,19,CZ_xingPan_Taurus
*,12,2,6,#{106004},1006,207,1007,26,1004,28000,1001,300000,2,26,63,CZ_xingPan_Taurus
*,13,2,7,#{106004},1004,434,1005,50,1004,28000,1001,315000,2,92,106,CZ_xingPan_Taurus
*,14,3,1,#{106005},1001,395,1003,54,1004,36000,1001,330000,3,-65,-94,CZ_xingPan_Cemini
*,15,3,2,#{106005},1007,26,1002,7954,1004,36000,1001,350000,3,-24,-49,CZ_xingPan_Cemini
*,16,3,3,#{106005},1005,50,1006,207,1004,36000,1001,365000,3,-29,-5,CZ_xingPan_Cemini
*,17,3,4,#{106005},1003,54,1004,434,1004,36000,1001,385000,3,-82,39,CZ_xingPan_Cemini
*,18,3,5,#{106005},1002,7954,1001,395,1004,36000,1001,405000,3,-52,85,CZ_xingPan_Cemini
*,19,3,6,#{106005},1006,207,1007,26,1004,36000,1001,425000,3,65,78,CZ_xingPan_Cemini
*,20,3,7,#{106005},1004,434,1005,50,1004,36000,1001,445000,3,81,34,CZ_xingPan_Cemini
*,21,3,8,#{106005},1001,395,1003,54,1004,36000,1001,465000,3,37,-5,CZ_xingPan_Cemini
*,22,3,9,#{106005},1007,26,1002,7954,1004,36000,1001,490000,3,32,-50,CZ_xingPan_Cemini
*,23,3,10,#{106005},1005,50,1006,207,1004,36000,1001,515000,3,63,-88,CZ_xingPan_Cemini
*,24,4,1,#{106006},1003,54,1004,434,1004,48000,1001,540000,3,-83,-59,CZ_xingPan_Cancer
*,25,4,2,#{106006},1002,7954,1001,395,1004,48000,1001,570000,3,-21,-29,CZ_xingPan_Cancer
*,26,4,3,#{106006},1006,207,1007,26,1004,48000,1001,595000,3,35,-23,CZ_xingPan_Cancer
*,27,4,4,#{106006},1004,434,1005,50,1004,48000,1001,625000,3,-106,57,CZ_xingPan_Cancer
*,28,4,5,#{106006},1001,395,1003,54,1004,48000,1001,660000,3,-23,30,CZ_xingPan_Cancer
*,29,4,6,#{106006},1007,26,1002,7954,1004,48000,1001,690000,3,42,34,CZ_xingPan_Cancer
*,30,4,7,#{106006},1005,50,1006,207,1004,48000,1001,725000,3,107,52,CZ_xingPan_Cancer
*,31,5,1,#{106007},1003,54,1004,434,1004,60000,1001,765000,4,-83,-90,CZ_xingPan_Leo
*,32,5,2,#{106007},1002,7954,1001,395,1004,60000,1001,800000,4,-20,-55,CZ_xingPan_Leo
*,33,5,3,#{106007},1006,207,1007,26,1004,60000,1001,840000,4,84,-11,CZ_xingPan_Leo
*,34,5,4,#{106007},1004,434,1005,50,1004,60000,1001,885000,4,65,28,CZ_xingPan_Leo
*,35,5,5,#{106007},1001,395,1003,54,1004,60000,1001,930000,4,-69,-27,CZ_xingPan_Leo
*,36,5,6,#{106007},1007,26,1002,7954,1004,60000,1001,975000,4,15,10,CZ_xingPan_Leo
*,37,5,7,#{106007},1005,50,1006,207,1004,60000,1001,1025000,4,-10,52,CZ_xingPan_Leo
*,38,5,8,#{106007},1003,54,1004,434,1004,60000,1001,1075000,4,44,91,CZ_xingPan_Leo
*,39,5,9,#{106007},1002,7954,1001,395,1004,60000,1001,1130000,4,106,88,CZ_xingPan_Leo
*,40,6,1,#{106008},1006,207,1007,26,1004,72000,1001,1185000,4,-35,-107,CZ_xingPan_Virgo
*,41,6,2,#{106008},1004,434,1005,50,1004,72000,1001,1245000,4,23,-68,CZ_xingPan_Virgo
*,42,6,3,#{106008},1001,395,1003,54,1004,72000,1001,1305000,4,68,-45,CZ_xingPan_Virgo
*,43,6,4,#{106008},1007,26,1002,7954,1004,72000,1001,1370000,4,-102,-57,CZ_xingPan_Virgo
*,44,6,5,#{106008},1005,50,1006,207,1004,72000,1001,1440000,4,-72,-21,CZ_xingPan_Virgo
*,45,6,6,#{106008},1003,54,1004,434,1004,72000,1001,1515000,4,-90,73,CZ_xingPan_Virgo
*,46,6,7,#{106008},1002,7954,1001,395,1004,72000,1001,1590000,4,-55,30,CZ_xingPan_Virgo
*,47,6,8,#{106008},1006,207,1007,26,1004,72000,1001,1670000,4,18,5,CZ_xingPan_Virgo
*,48,6,9,#{106008},1004,434,1005,50,1004,72000,1001,1750000,4,82,39,CZ_xingPan_Virgo
*,49,6,10,#{106008},1001,395,1003,54,1004,72000,1001,1840000,4,113,90,CZ_xingPan_Virgo
*,50,7,1,#{106009},1007,26,1002,7954,1004,84000,1001,1930000,5,-110,13,CZ_xingPan_Libra
*,51,7,2,#{106009},1005,50,1006,207,1004,84000,1001,2030000,5,-72,-21,CZ_xingPan_Libra
*,52,7,3,#{106009},1003,54,1004,434,1004,84000,1001,2130000,5,-21,31,CZ_xingPan_Libra
*,53,7,4,#{106009},1002,7954,1001,395,1004,84000,1001,2235000,5,19,109,CZ_xingPan_Libra
*,54,7,5,#{106009},1006,207,1007,26,1004,84000,1001,2350000,5,106,88,CZ_xingPan_Libra
*,55,7,6,#{106009},1004,434,1005,50,1004,84000,1001,2465000,5,107,-21,CZ_xingPan_Libra
*,56,7,7,#{106009},1001,395,1003,54,1004,84000,1001,2590000,5,54,-65,CZ_xingPan_Libra
*,57,7,8,#{106009},1007,26,1002,7954,1004,84000,1001,2720000,5,26,-101,CZ_xingPan_Libra
*,58,8,1,#{106010},1005,50,1006,207,1004,100000,1001,2855000,6,-76,96,CZ_xingPan_Scorpio
*,59,8,2,#{106010},1003,54,1004,434,1004,100000,1001,3000000,6,-105,52,CZ_xingPan_Scorpio
*,60,8,3,#{106010},1002,7954,1001,395,1004,100000,1001,3150000,6,-86,3,CZ_xingPan_Scorpio
*,61,8,4,#{106010},1006,207,1007,26,1004,100000,1001,3305000,6,-41,-50,CZ_xingPan_Scorpio
*,62,8,5,#{106010},1004,434,1005,50,1004,100000,1001,3470000,6,1,-28,CZ_xingPan_Scorpio
*,63,8,6,#{106010},1001,395,1003,54,1004,100000,1001,3645000,6,15,18,CZ_xingPan_Scorpio
*,64,8,7,#{106010},1007,26,1002,7954,1004,100000,1001,3825000,6,50,52,CZ_xingPan_Scorpio
*,65,8,8,#{106010},1005,50,1006,207,1004,100000,1001,4020000,6,36,124,CZ_xingPan_Scorpio
*,66,8,9,#{106010},1003,54,1004,434,1004,100000,1001,4220000,6,123,17,CZ_xingPan_Scorpio
*,67,8,10,#{106010},1002,7954,1001,395,1004,100000,1001,4430000,6,102,89,CZ_xingPan_Scorpio
*,68,9,1,#{106011},1006,207,1007,26,1004,120000,1001,4655000,7,-22,-68,CZ_xingPan_Sagittarius
*,69,9,2,#{106011},1004,434,1005,50,1004,120000,1001,4885000,7,-82,-24,CZ_xingPan_Sagittarius
*,70,9,3,#{106011},1001,395,1003,54,1004,120000,1001,5130000,7,-126,31,CZ_xingPan_Sagittarius
*,71,9,4,#{106011},1007,26,1002,7954,1004,120000,1001,5385000,7,-82,69,CZ_xingPan_Sagittarius
*,72,9,5,#{106011},1005,50,1006,207,1004,120000,1001,5655000,7,-34,105,CZ_xingPan_Sagittarius
*,73,9,6,#{106011},1003,54,1004,434,1004,120000,1001,5940000,7,-3,46,CZ_xingPan_Sagittarius
*,74,9,7,#{106011},1002,7954,1001,395,1004,120000,1001,6235000,7,41,61,CZ_xingPan_Sagittarius
*,75,9,8,#{106011},1006,207,1007,26,1004,120000,1001,6550000,7,85,10,CZ_xingPan_Sagittarius
*,76,9,9,#{106011},1004,434,1005,50,1004,120000,1001,6875000,7,129,53,CZ_xingPan_Sagittarius
*,77,10,1,#{106012},1001,395,1003,54,1004,140000,1001,7220000,8,-7,-68,CZ_xingPan_Capricorn
*,78,10,2,#{106012},1007,26,1002,7954,1004,140000,1001,7580000,8,-81,-36,CZ_xingPan_Capricorn
*,79,10,3,#{106012},1005,50,1006,207,1004,140000,1001,7960000,8,-112,50,CZ_xingPan_Capricorn
*,80,10,4,#{106012},1003,54,1004,434,1004,140000,1001,8355000,8,-59,27,CZ_xingPan_Capricorn
*,81,10,5,#{106012},1002,7954,1001,395,1004,140000,1001,8775000,8,-4,28,CZ_xingPan_Capricorn
*,82,10,6,#{106012},1006,207,1007,26,1004,140000,1001,9215000,8,40,60,CZ_xingPan_Capricorn
*,83,10,7,#{106012},1004,434,1005,50,1004,140000,1001,9675000,8,75,122,CZ_xingPan_Capricorn
*,84,10,8,#{106012},1001,395,1003,54,1004,140000,1001,10160000,8,120,15,CZ_xingPan_Capricorn
*,85,11,1,#{106013},1007,26,1002,7954,1004,200000,1001,10665000,9,90,-22,CZ_xingPan_Aquarius
*,86,11,2,#{106013},1005,50,1006,207,1004,200000,1001,11200000,9,49,-58,CZ_xingPan_Aquarius
*,87,11,3,#{106013},1003,54,1004,434,1004,200000,1001,11760000,9,30,-102,CZ_xingPan_Aquarius
*,88,11,4,#{106013},1002,7954,1001,395,1004,200000,1001,12350000,9,-56,-79,CZ_xingPan_Aquarius
*,89,11,5,#{106013},1006,207,1007,26,1004,200000,1001,12965000,9,-27,120,CZ_xingPan_Aquarius
*,90,11,6,#{106013},1004,434,1005,50,1004,200000,1001,13615000,9,-85,51,CZ_xingPan_Aquarius
*,91,11,7,#{106013},1001,395,1003,54,1004,200000,1001,14295000,9,-117,4,CZ_xingPan_Aquarius
*,92,11,8,#{106013},1007,26,1002,7954,1004,200000,1001,15010000,9,23,23,CZ_xingPan_Aquarius
*,93,11,9,#{106013},1005,50,1006,207,1004,200000,1001,15760000,9,71,44,CZ_xingPan_Aquarius
*,94,12,1,#{106014},1003,54,1004,434,1004,280000,1001,16550000,10,32,98,CZ_xingPan_Pisces
*,95,12,2,#{106014},1002,7954,1001,395,1004,280000,1001,17375000,10,-48,90,CZ_xingPan_Pisces
*,96,12,3,#{106014},1006,207,1007,26,1004,280000,1001,18245000,10,-106,67,CZ_xingPan_Pisces
*,97,12,4,#{106014},1004,434,1005,50,1004,280000,1001,19160000,10,-84,6,CZ_xingPan_Pisces
*,98,12,5,#{106014},1001,395,1003,54,1004,280000,1001,20115000,10,-91,-52,CZ_xingPan_Pisces
*,99,12,6,#{106014},1007,26,1002,7954,1004,280000,1001,21120000,10,0,-81,CZ_xingPan_Pisces
*,100,12,7,#{106014},1005,50,1006,207,1004,280000,1001,22180000,10,54,-59,CZ_xingPan_Pisces
*,101,12,8,#{106014},1003,54,1004,434,1004,280000,1001,23285000,10,99,-16,CZ_xingPan_Pisces
*,102,12,9,#{106014},1002,7954,1001,395,1004,280000,1001,24450000,10,108,45,CZ_xingPan_Pisces
