,STRING,STRING,INT,INT,INT,STRING,INT,INT
,ID,场景ID,坐标X,坐标Z,半径,NPC ID,NPC默认数量,任务需要数量
*,ID,SceneID,PosX,PosZ,Range,NpcID,FlashNum,RequireNum
*,1,11,6287,3512,500,9901,2,2
,2,11,-6347,5513,500,605,3,3
,3,11,-7934,7744,500,602,3,3
,4,11,-7878,1613,500,601,3,3
,5,11,21022,-5373,500,302,3,3
,6,11,21558,-21683,500,303,3,3
,7,11,21022,-5373,500,302,4,4
,8,11,21558,-21683,500,303,4,4
,9,11,17597,-10189,500,302,3,3
,10,11,-15423,-1770,500,9501,6,6
,11,11,21012,-4881,500,9502,6,6
,12,11,21285,-6533,500,9503,7,7
,13,11,18543,-6175,300,9504,4,4
,14,11,18543,-6175,500,9504,5,5
,15,11,-17264,3241,500,9905,6,6
*,1001,11,29860,-17005,500,9901,4,4
*,1002,11,18158,-31317,500,9902,3,3
*,1003,11,16313,-33504,500,9903,5,5
*,1004,11,7754,24753,500,9904,7,7
*,1005,11,7303,22491,500,9905,6,6
*,1006,11,8965,19306,500,9910,5,5
*,1007,11,11199,19306,500,9911,4,4
*,1008,11,30736,39187,500,9912,7,7
*,1009,11,-11816,-22249,500,9913,5,5
*,1010,11,-50454,-14512,500,9914,6,6
*,1011,11,-19106,5677,500,9915,6,6
*,1012,11,-29750,-44727,500,9916,6,6
