,,排名下限,排名上限,首次获得,首次获得,排名展示,排名奖励,胜利奖励,失败奖励
,,INT,INT,STRING,STRING,STRING,STRING,STRING,STRING
*,ID,Rankdown,Rankup,DropID,DropNum,ShowRewardID,DropRankID,ReputationWin,ReputationLose
*,1,1,1,33301,200,33201,33201,33001,33101
*,2,2,2,33301,100,33202,33202,33001,33101
*,3,3,3,33301,50,33203,33203,33001,33101
*,4,4,10,33301,10,33204,33204,33001,33101
*,5,11,20,33301,8,33205,33205,33001,33101
*,6,21,40,33301,6,33206,33206,33001,33101
*,7,41,80,33301,4,33207,33207,33001,33101
*,8,81,150,33301,3,33208,33208,33001,33101
*,9,151,400,33301,2,33209,33209,33001,33101
*,10,401,1000,33301,1,33210,33210,33001,33101
