,等级差,压制,鼓励
*,ID,inhibit,encourage
*,1,10000,10000
*,2,10000,11000
*,3,10000,12000
*,4,9000,13000
*,5,9000,14000
*,6,8000,15000
*,7,8000,16000
*,8,7000,17000
*,9,6000,18000
*,10,5000,19000
*,11,5000,20000
*,12,5000,20000
*,13,5000,20000
*,14,5000,20000
*,15,5000,20000
*,16,5000,20000
*,17,5000,20000
*,18,5000,20000
*,19,5000,20000
*,20,5000,20000
*,21,5000,20000
*,22,5000,20000
*,23,5000,20000
*,24,5000,20000
*,25,5000,20000
*,26,5000,20000
*,27,5000,20000
*,28,5000,20000
*,29,5000,20000
*,30,5000,20000
*,31,5000,20000
*,32,5000,20000
*,33,5000,20000
*,34,5000,20000
*,35,5000,20000
*,36,5000,20000
*,37,5000,20000
*,38,5000,20000
*,39,5000,20000
*,40,5000,20000
*,41,5000,20000
*,42,5000,20000
*,43,5000,20000
*,44,5000,20000
*,45,5000,20000
*,46,5000,20000
*,47,5000,20000
*,48,5000,20000
*,49,5000,20000
*,50,5000,20000
*,51,5000,20000
*,52,5000,20000
*,53,5000,20000
*,54,5000,20000
*,55,5000,20000
*,56,5000,20000
*,57,5000,20000
*,58,5000,20000
*,59,5000,20000
*,60,5000,20000
*,61,5000,20000
*,62,5000,20000
*,63,5000,20000
*,64,5000,20000
*,65,5000,20000
*,66,5000,20000
*,67,5000,20000
*,68,5000,20000
*,69,5000,20000
*,70,5000,20000
*,71,5000,20000
*,72,5000,20000
*,73,5000,20000
*,74,5000,20000
*,75,5000,20000
*,76,5000,20000
*,77,5000,20000
*,78,5000,20000
*,79,5000,20000
*,80,5000,20000
