,STRING,INT,INT,INT,INT,INT,INT,INT,INT,INT,INT
*,ID,Type,Point1X,Point1Z,Point2X,Point2Z,Point3X,Point3Z,Point4X,Point4Z,Range
*,1012,0,-1250,1250,-1250,-1250,1250,-1250,1250,1250,
*,1091,0,-10629,-6175,-10629,-9095,-5472,-9095,-5472,-6175,
*,1101,0,-1905,-8257,-1905,-9307,1862,-9307,1862,-8257,
*,11021,0,-11193,-1596,-11193,-3566,-10100,-3566,-10100,-1596,
*,1111,0,-1259,-5437,-1259,-6377,2230,-6377,2230,-5437,
*,12011,0,4336,-4903,4387,-6102,5586,-6050,5535,-4852,
*,12021,0,-11193,-1596,-11193,-3566,-10100,-3566,-10100,-1596,
*,15011,0,662,4832,662,2862,1755,2862,1755,4832,
*,15011,0,-1849,-2885,-1849,-4855,-756,-4855,-756,-2885,
*,8111,0,-10629,-6175,-10629,-9095,-5472,-9095,-5472,-6175,
*,8121,0,-10629,-6175,-10629,-9095,-5472,-9095,-5472,-6175,
*,8131,0,-10629,-6175,-10629,-9095,-5472,-9095,-5472,-6175,
*,8141,0,-10629,-6175,-10629,-9095,-5472,-9095,-5472,-6175,
*,8151,0,-10629,-6175,-10629,-9095,-5472,-9095,-5472,-6175,
*,8161,0,-10629,-6175,-10629,-9095,-5472,-9095,-5472,-6175,
