,INT,STRING,STRING,STRING,STRING,,
,层级,掉落ID,掉落ID,掉落ID,额外奖励,,
*,FloorID,DropIDBox1,DropIDBox2,DropIDBox3,SpecialDropId,,
*,0,34001,34001,34001,,,
*,1,34001,34001,34001,,,
*,2,34001,34001,34001,,,
*,3,34001,34001,34001,,,
*,4,34001,34001,34001,,,
*,5,34001,34001,34001,,,
*,6,34001,34001,34001,,,
*,7,34001,34001,34001,,,
*,8,34001,34001,34001,,,
*,9,34001,34001,34001,,,
*,10,34001,34001,34001,,,
*,11,34001,34001,34001,,,
*,12,34001,34001,34001,,,
*,13,34001,34001,34001,,,
*,14,34001,34001,34001,,,
*,15,34001,34001,34001,,,
*,16,34001,34001,34001,,,
*,17,34001,34001,34001,,,
*,18,34001,34001,34001,,,
*,19,34001,34001,34001,,,
*,20,34001,34001,34001,,,
*,21,34001,34001,34001,,,
*,22,34001,34001,34001,,,
*,23,34001,34001,34001,,,
*,24,34001,34001,34001,,,
*,25,34001,34001,34001,,,
*,26,34001,34001,34001,,,
*,27,34001,34001,34001,,,
*,28,34001,34001,34001,,,
*,29,34001,34001,34001,,,
*,30,34001,34001,34001,,,
*,31,34001,34001,34001,,,
*,32,34001,34001,34001,,,
*,33,34001,34001,34001,,,
*,34,34001,34001,34001,,,
*,35,34001,34001,34001,,,
*,36,34001,34001,34001,,,
*,37,34001,34001,34001,,,
*,38,34001,34001,34001,,,
*,39,34001,34001,34001,,,
*,40,34001,34001,34001,,,
*,41,34001,34001,34001,,,
*,42,34001,34001,34001,,,
*,43,34001,34001,34001,,,
*,44,34001,34001,34001,,,
*,45,34001,34001,34001,,,
*,46,34001,34001,34001,,,
*,47,34001,34001,34001,,,
*,48,34001,34001,34001,,,
*,49,34001,34001,34001,,,
*,50,34001,34001,34001,,,
*,51,34001,34001,34001,,,
*,52,34001,34001,34001,,,
*,53,34001,34001,34001,,,
*,54,34001,34001,34001,,,
*,55,34001,34001,34001,,,
*,56,34001,34001,34001,,,
*,57,34001,34001,34001,,,
*,58,34001,34001,34001,,,
*,59,34001,34001,34001,,,
*,60,34001,34001,34001,,,
*,61,34001,34001,34001,,,
*,62,34001,34001,34001,,,
*,63,34001,34001,34001,,,
*,64,34001,34001,34001,,,
*,65,34001,34001,34001,,,
*,66,34001,34001,34001,,,
*,67,34001,34001,34001,,,
*,68,34001,34001,34001,,,
*,69,34001,34001,34001,,,
*,70,34001,34001,34001,,,
*,71,34001,34001,34001,,,
*,72,34001,34001,34001,,,
*,73,34001,34001,34001,,,
*,74,34001,34001,34001,,,
*,75,34001,34001,34001,,,
*,76,34001,34001,34001,,,
*,77,34001,34001,34001,,,
*,78,34001,34001,34001,,,
*,79,34001,34001,34001,,,
