,STRING,INT,INT,INT
*,ID,PointIndex,PosX,PosZ
*,101001,0,3798,3230
*,101001,1,3829,-4264
*,101001,2,2877,-5249
*,101001,3,-4713,-5264
*,101001,4,3034,-5264
*,101001,5,3818,-4328
*,101002,0,3667,3452
*,101002,1,-3500,3395
*,101002,2,-3373,-3556
*,101002,3,4303,-3540
*,101002,4,-3319,-3540
*,101002,5,-3319,3329
*,101003,0,-3866,3369
*,101003,1,-3286,-5050
*,101003,2,3017,-5111
*,101003,3,3384,-3353
*,101003,4,3384,3273
*,101003,5,3384,-3435
*,101003,6,-3532,-3435
*,101003,7,-3532,3390
*,101004,0,4150,-2561
*,101004,1,3559,-2575
*,101004,2,3529,3867
*,101004,3,-4046,3868
*,101004,4,3496,3868
*,101004,5,3496,-2594
*,102001,0,-145,4977
*,102001,1,-875,3682
*,102002,0,4151,2287
*,102002,1,81,1701
*,102002,2,1036,588
*,102002,3,3378,858
*,102003,0,3196,-3873
*,102003,1,-5022,-2706
*,102004,0,-21,672
*,102004,1,789,1701
*,102004,2,1544,1171
*,102004,3,3378,1824
*,104001,0,-2865,-4806
*,104001,1,-1232,-4722
*,104001,2,-1260,3169
*,104001,3,3798,3182
*,104001,4,1282,3182
*,104001,5,1282,-4762
*,104005,0,1268,3924
*,104005,1,1229,-4722
*,104005,2,-1046,-4791
*,104005,3,-5732,-4860
*,104005,4,1231,-4860
*,104002,0,-5974,-4806
*,104002,1,1262,-4767
*,104002,2,1230,573
*,104002,3,1183,4477
*,104002,4,1318,2197
*,104002,5,-1065,2184
*,104002,6,-1065,-4424
*,104003,0,-462,1559
*,104003,1,-504,-4750
*,104003,2,-4701,-4872
*,104003,3,1245,-4786
*,104003,4,1264,2468
*,104003,5,-1026,2447
*,104004,0,1278,-4845
*,104004,1,-1496,-4770
*,104004,2,-1421,1747
*,104004,3,1299,1781
*,104004,4,1162,3086
*,104004,5,1217,-4784
*,105001,0,2005,-3908
*,105001,1,1203,-3901
*,105001,2,1214,1089
*,105001,3,3798,1084
*,105001,4,1231,1112
*,105001,5,1231,-3904
*,105002,0,-1883,1280
*,105002,1,-1900,937
*,105002,2,924,960
*,105002,3,908,-4705
*,105002,4,908,38
*,105002,5,-1899,38
*,105004,0,-2217,-3474
*,105004,1,-2224,-1394
*,105004,2,-1813,-1451
*,105004,3,-1804,3434
*,105004,4,1229,3439
*,105004,5,-1774,3414
*,105004,6,-1774,-1386
*,105004,7,-2148,-1386
*,105003,0,934,4662
*,105003,1,877,11
*,105003,2,-1608,39
*,105003,3,-1590,3642
*,105003,4,-1590,46
*,105003,5,896,46
*,105005,0,-233,2783
*,105005,1,87,2477
*,105005,2,163,2200
*,105005,3,107,1816
*,105005,4,-137,1621
*,105005,5,-351,1567
*,105005,6,-636,1646
*,105005,7,-811,1876
*,105005,8,-811,2388
*,105005,9,-636,2612
*,105005,10,-338,2781
*,107001,0,2273,59
*,107001,1,2270,-3343
*,107001,2,-3698,-3381
*,107001,3,-3645,4255
*,107001,4,-3645,-3386
*,107001,5,2302,-3386
*,107004,0,2755,-3281
*,107004,1,2751,2454
*,107004,2,-4228,2467
*,107004,3,-4175,4255
*,107004,4,-4175,2480
*,107004,5,2707,2480
*,107002,0,-4351,-3585
*,107002,1,2766,-3582
*,107002,2,2753,1552
*,107002,3,5060,1558
*,107002,4,2762,1558
*,107002,5,2762,-3396
*,107003,0,-4351,2972
*,107003,1,2287,2975
*,107003,2,2274,-3465
*,107003,3,5060,-3460
*,107003,4,2284,-3460
*,107003,5,2284,2459
*,109001,0,8869,-4428
*,109001,1,8562,-915
*,109001,2,3146,-718
*,109001,3,2690,3074
*,109001,4,-4439,3288
*,109001,5,-4371,7551
*,109001,6,-7266,7551
*,109002,0,8534,6857
*,109002,1,2970,6595
*,109002,2,2902,7659
*,109002,3,-3976,7734
*,109002,4,-4361,2598
*,109002,5,2571,2398
*,109002,6,2674,-5525
*,109003,0,-7280,2881
*,109003,1,-4805,3003
*,109003,2,-4722,-3203
*,109003,3,2637,-3221
*,109003,4,2868,-978
*,109003,5,9262,-883
*,109003,6,9167,-5525
*,11001,0,-3918,9616
*,11001,1,-3675,2967
*,11001,2,-9540,2835
*,11001,3,-10634,6025
*,11001,4,-10567,9237
*,11001,5,-7048,9886
*,11002,0,45177,41544
*,11002,1,50063,44613
*,11002,2,56854,39323
*,11002,3,52991,35655
*,11003,0,43701,24312
*,11003,1,37852,28314
*,11003,2,37175,21649
*,11003,3,42224,23179
*,11004,0,-13501,-7094
*,11004,1,-13083,-2136
*,11004,2,1230,-1964
*,11004,3,1708,-7789
*,11004,4,-4192,-8001
*,11004,5,-4655,-14400
*,11004,6,-12836,-14153
*,11004,7,-13731,-8857
*,11008,0,23469,35486
*,11008,1,20616,34543
*,11008,2,19982,38485
*,11008,3,22904,39788
*,11005,0,-2248,26019
*,11005,1,-1747,16230
*,11005,2,-8967,15675
*,11005,3,-8760,25863
*,11006,0,24235,30038
*,11006,1,31407,31972
*,11006,2,30583,23940
*,11006,3,23883,23793
*,11007,0,20824,1202
*,11007,1,26657,-385
*,11007,2,30409,7159
*,11007,3,23703,9934
*,11007,4,20341,2996
*,11010,0,16250,55737
*,11010,1,13783,51629
*,11010,2,8547,52590
*,11010,3,7020,58166
*,11010,4,7889,60252
*,11010,5,11449,60369
*,11011,0,-3543,36975
*,11011,1,-3634,31180
*,11011,2,-7942,30846
*,11011,3,-7552,34939
*,11011,4,-11074,34981
*,11011,5,-5164,36623
*,11009,0,1360,17251
*,11009,1,6575,17403
*,11009,2,6491,20083
*,11009,3,4090,19333
*,11012,0,-18265,51765
*,11012,1,-21697,51740
*,11012,2,-22225,52831
*,11012,3,-22214,54510
*,11012,4,-20114,56394
*,11012,5,-18366,56635
*,11013,0,43720,-24138
*,11013,1,44074,-22783
*,11013,2,46618,-22787
*,11013,3,46303,-24737
*,11013,4,51048,-26443
*,11013,5,49916,-26852
*,11013,6,43425,-26511
*,11013,7,43359,-24646
*,11014,0,52194,-21883
*,11014,1,52669,-20284
*,11014,2,49723,-20001
*,11014,3,49435,-18746
*,11014,4,45418,-19107
*,11014,5,44404,-20231
*,11014,6,51818,-22069
*,11015,0,35236,-46180
*,11015,1,34683,-45458
*,11015,2,30064,-46036
*,11015,3,31132,-52388
*,11015,4,35563,-51979
*,11016,0,15522,-17519
*,11016,1,14969,-16777
*,11016,2,11223,-17355
*,11016,3,12290,-21615
*,11016,4,15850,-21206
*,11017,0,13289,-7614
*,11017,1,10293,-7677
*,11017,2,10095,-10092
*,11017,3,12290,-10217
*,11019,0,13415,-3677
*,11019,1,9612,-3740
*,11019,2,9415,-2680
*,11019,3,12417,-2718
*,11020,0,15322,-41076
*,11020,1,15163,-35953
*,11018,0,8926,-9474
*,11018,1,5123,-9537
*,11018,2,4926,-8476
*,11018,3,7928,-8515
*,11021,0,14646,-59536
*,11021,1,10470,-59020
*,11021,2,10645,-55779
*,11021,3,14490,-56032
*,11022,0,15066,-55175
*,11022,1,10890,-54658
*,11022,2,11066,-51417
*,11022,3,14910,-51670
*,11023,0,11013,-50388
*,11023,1,15016,-50319
*,11023,2,15192,-47078
*,11023,3,10856,-46884
*,11024,0,-13348,-53426
*,11024,1,-8561,-53684
*,11024,2,-8386,-50443
*,11024,3,-12721,-50248
*,11025,0,-4121,-54448
*,11025,1,-7782,-53726
*,11025,2,-7606,-50485
*,11025,3,-3495,-50748
*,11026,0,-11705,-39277
*,11026,1,-15366,-38555
*,11026,2,-15190,-35314
*,11026,3,-11079,-35577
*,11027,0,-20136,-52769
*,11027,1,-25462,-53025
*,11027,2,-22498,-44324
*,11027,3,-18126,-48134
*,11028,0,-28776,-46884
*,11028,1,-32993,-48332
*,11028,2,-34301,-45086
*,11028,3,-27045,-43031
*,11029,0,-36069,-33237
*,11029,1,-33787,-37833
*,11029,2,-37257,-39432
*,11029,3,-38827,-35650
*,11031,0,-49653,-12252
*,11031,1,-46485,-16174
*,11031,2,-43768,-13284
*,11031,3,-46183,-10026
*,11030,0,-38286,-17847
*,11030,1,-42347,-20994
*,11030,2,-37827,-22716
*,11032,0,-28127,4905
*,11032,1,-23511,5773
*,11032,2,-24112,9361
*,11032,3,-29361,8128
*,11033,0,-28127,22145
*,11033,1,-24068,23671
*,11033,2,-22293,20291
*,11033,3,-26943,17989
*,11034,0,-35587,27090
*,11034,1,-29683,31473
*,11034,2,-27994,28877
*,11034,3,-34286,24719
*,11035,0,-23901,37512
*,11035,1,-23144,42591
*,11035,2,-19960,42079
*,11035,3,-18042,39545
*,11035,4,-18942,35847
*,11035,5,-21733,35407
*,11037,0,-52396,6980
*,11037,1,-49965,14108
*,11037,2,-43381,11452
*,11037,3,-45420,6745
*,11037,4,-43422,11964
*,11037,5,-49991,13982
*,11036,0,-37137,32400
*,11036,1,-39176,36208
*,11036,2,-43418,33486
*,11036,3,-41387,29794
*,11038,0,-47504,4741
*,11038,1,-46480,7573
*,11038,2,-48662,8148
*,11038,3,-50254,3619
*,11038,4,-48556,8648
*,11038,5,-46524,8092
*,11039,0,31785,-21855
*,11039,1,31458,-17218
*,11039,2,28328,-17789
*,11039,3,27576,-21520
*,11040,0,37308,-1463
*,11040,1,38626,4832
*,11040,2,37956,4585
*,11040,3,35685,-3907
*,11041,0,48127,9398
*,11041,1,42362,7674
*,11041,2,42383,7329
*,11041,3,52163,10243
*,11042,0,40139,-9878
*,11042,1,47822,-12447
*,11042,2,47417,-12904
*,11042,3,38402,-9701
*,110001,0,-144,-7932
*,110001,1,-144,-5164
*,110001,2,-2384,-5164
*,110001,3,-2384,-4314
*,110001,4,2063,-4314
*,110001,5,2063,-5169
*,110001,6,137,-5169
*,110001,7,137,-7915
*,110005,0,-1851,-7860
*,110005,1,-2554,-7873
*,110005,2,-2579,-4311
*,110005,3,-65,-4314
*,110005,4,90,-4314
*,110005,5,104,-457
*,110005,6,1373,-476
*,110005,7,1360,1728
*,110005,8,37,1728
*,110005,9,37,2941
*,110005,10,1245,2941
*,110002,0,-396,-1798
*,110002,1,-396,-348
*,110002,2,-1506,-348
*,110002,3,-1506,1469
*,110002,4,1450,1469
*,110002,5,1450,-1797
*,110002,6,714,-1797
*,110002,7,714,-351
*,110002,8,316,-351
*,110002,9,317,-1769
*,110003,0,-824,3655
*,110003,1,-824,5576
*,110003,2,804,5576
*,110003,3,804,3421
*,110003,4,429,3421
*,110003,5,428,2800
*,110003,6,-853,2800
*,110004,0,-1179,6881
*,110004,1,-1179,5576
*,110004,2,-865,5576
*,110004,3,-893,3421
*,110004,4,-29,3421
*,110004,5,-58,1567
*,110004,6,-1475,1586
*,110004,7,-1475,-1555
*,110004,8,-105,-1555
*,110004,9,-101,-3917
*,110004,10,-1180,-3917
*,111001,0,-1228,-4008
*,111001,1,-1228,-3284
*,111001,2,-2283,-3284
*,111001,3,-2283,-1890
*,111001,4,-149,-1890
*,111001,5,-149,-3879
*,111002,0,1055,-3446
*,111002,1,1055,-2172
*,111002,2,2191,-2172
*,111002,3,2191,-1268
*,111002,4,1680,-1268
*,111002,5,1680,-1649
*,111002,6,521,-1649
*,111002,7,521,-4007
*,111002,8,2014,-4007
*,111002,9,2014,-3613
*,111002,10,1056,-3613
*,111003,0,-2438,-1396
*,111003,1,-2438,330
*,111003,2,-1630,330
*,111003,3,-1630,-1423
*,111005,0,-2258,1649
*,111005,1,-2258,682
*,111005,2,-1630,682
*,111005,3,-1630,1707
*,111005,4,-1300,1707
*,111005,5,-1300,2368
*,111004,0,1554,602
*,111004,1,1554,-973
*,111004,2,2109,-973
*,111004,3,2109,436
*,111006,0,2136,899
*,111006,1,2136,3374
*,111006,2,242,3374
*,111006,3,242,2114
*,111006,4,1672,2114
*,111006,5,1672,975
*,111007,0,-960,2884
*,111007,1,-960,3716
*,111007,2,-1527,3716
*,111007,3,-1527,4279
*,111007,4,-448,4279
*,111007,5,-448,1812
*,111007,6,-945,1812
*,111008,0,1218,4506
*,111008,1,1218,3716
*,111008,2,-1512,3716
*,111008,3,-1527,1684
*,111008,4,-2124,1684
*,111008,5,-2131,-3177
*,111008,6,-2494,-3174
*,111009,0,-1185,-4576
*,111009,1,-1185,-3207
*,111009,2,1526,-3237
*,111009,3,1483,-1412
*,111009,4,1924,-1412
*,111009,5,1953,3186
*,111009,6,2470,3181
*,202001,0,370,3246
*,202001,1,-404,3197
*,202003,0,-1576,103
*,202003,1,20,142
*,202002,0,-82,2289
*,202002,1,-1454,1569
*,202002,2,50,1055
*,202002,3,1956,1471
