,,任务编号,等级Min,等级Max,奖励星级,发放奖励,奖励显示,出现几率
,STRING,STRING,INT,INT,INT,STRING,STRING,INT
*,ID,MissionId,LevelMin,LevelMax,MissionStar,DropID,ShowReward,Weights
*,1001,30501,1,20,1,38101,38001,50
*,1002,30502,1,20,1,38101,38001,50
*,1003,30540,1,20,2,38102,38002,100
*,1004,30503,1,20,3,38103,38003,255
*,1005,30504,1,20,3,38103,38003,255
*,1006,30505,1,20,4,38104,38004,50
*,1007,30506,1,20,4,38104,38004,50
*,1008,30526,1,20,5,38105,38005,77
*,1009,30541,1,20,6,38106,38006,63
*,1010,30527,1,20,7,38107,38007,50
*,21001,30501,21,30,1,38108,38008,50
*,21002,30502,21,30,1,38108,38008,50
*,21003,30503,21,30,2,38109,38009,50
*,21004,30504,21,30,2,38109,38009,50
*,21005,30505,21,30,3,38110,38010,255
*,21006,30506,21,30,3,38110,38010,255
*,21007,30507,21,30,4,38111,38011,50
*,21008,30508,21,30,4,38111,38011,50
*,21009,30526,21,30,5,38112,38012,77
*,21010,30527,21,30,6,38113,38013,63
*,21011,30528,21,30,7,38114,38014,50
*,31001,30505,31,40,1,38115,38015,50
*,31002,30506,31,40,1,38115,38015,50
*,31003,30507,31,40,2,38116,38016,33
*,31004,30508,31,40,2,38116,38016,33
*,31005,30509,31,40,2,38116,38016,33
*,31006,30510,31,40,3,38117,38017,255
*,31007,30511,31,40,3,38117,38017,255
*,31008,30512,31,40,4,38118,38018,50
*,31009,30513,31,40,4,38118,38018,50
*,31010,30528,31,40,5,38119,38019,77
*,31011,30529,31,40,6,38120,38020,63
*,31012,30530,31,40,7,38121,38021,50
*,41001,30510,41,50,1,38122,38022,50
*,41002,30511,41,50,1,38122,38022,50
*,41003,30512,41,50,2,38123,38023,50
*,41004,30513,41,50,2,38123,38023,50
*,41005,30514,41,50,3,38124,38024,510
*,41006,30515,41,50,4,38125,38025,50
*,41007,30516,41,50,4,38125,38025,50
*,41008,30530,41,50,5,38126,38026,77
*,41009,30531,41,50,6,38127,38027,32
*,41010,30532,41,50,6,38127,38027,32
*,41011,30533,41,50,7,38128,38028,50
*,51001,30514,51,60,1,38129,38029,50
*,51002,30515,51,60,1,38129,38029,50
*,51003,30516,51,60,2,38130,38030,100
*,51004,30517,51,60,3,38131,38031,255
*,51005,30518,51,60,3,38131,38031,255
*,51006,30519,51,60,4,38132,38032,50
*,51007,30520,51,60,4,38132,38032,50
*,51008,30533,51,60,5,38133,38033,77
*,51009,30534,51,60,6,38134,38034,63
*,51010,30535,51,60,7,38135,38035,50
*,61001,30517,61,70,1,38136,38036,50
*,61002,30518,61,70,1,38136,38036,50
*,61003,30519,61,70,2,38137,38037,50
*,61004,30520,61,70,2,38137,38037,50
*,61005,30521,61,70,3,38138,38038,255
*,61006,30522,61,70,3,38138,38038,255
*,61007,30523,61,70,4,38139,38039,50
*,61008,30524,61,70,4,38139,38039,50
*,61009,30535,61,70,5,38140,38040,77
*,61010,30536,61,70,6,38141,38041,63
*,61011,30537,61,70,7,38142,38042,50
*,71001,30521,71,80,1,38143,38043,50
*,71002,30522,71,80,1,38143,38043,50
*,71003,30523,71,80,2,38144,38044,50
*,71004,30524,71,80,2,38144,38044,50
*,71005,30525,71,80,3,38145,38045,510
*,71006,30542,71,80,4,38146,38046,100
*,71007,30537,71,80,5,38147,38047,77
*,71008,30538,71,80,6,38148,38048,63
*,71009,30539,71,80,7,38149,38049,50
