,,,,,,,,,,,,统计玩家付费用,,
,STRING,INT,INT,INT,类型,STRING,,STRING,,,STRING,,,
*,ProductId,PriceCost,ShowPriceCost,PriceType,Type,Key,AdFree,Dollor,Special,BuyCount,SalePicName,value,FirstBuy,
*,daily_buy_99,,,,2,1,0,0.99,,,,99,0,
*,daily_buy_199,,,,2,2,0,1.99,,,,199,0,
*,daily_buy_499,,,,2,3,0,4.99,,,,499,0,
*,shop_199,120,120,2,0,1,0,1.99,,-1,,199,1,
*,shop_499,300,300,2,4,2,1,4.99,,-1,,499,1,
*,shop_999,600,600,2,4,3,1,9.99,,-1,,999,1,
*,shop_1999,1200,1200,2,4,4,1,19.99,,-1,,1999,1,
*,shop_4999,3000,3000,2,4,5,1,49.99,,-1,,4999,1,
*,shop_9999,6000,6000,2,4,6,1,99.99,,-1,,9999,1,
*,shop_499_special,600,300,2,4,2,1,4.99,shop_499,1,CZ_ChongZhi_4.99,499,1,
*,shop_1999_special,2400,1200,2,4,4,1,19.99,shop_1999,1,CZ_ChongZhi_19.99,1999,1,
*,shop_4999_special,6000,3000,2,4,5,1,49.99,shop_4999,1,CZ_ChongZhi_49.99,4999,1,
*,shop_9999_special,12000,6000,2,4,6,1,99.99,shop_9999,1,CZ_ChongZhi_99.99,9999,1,
*,new_user_pack_999,,,,1,1,1,9.99,,,,999,1,
*,christmas_pack_1499,,,,1,3,1,14.99,,,,1499,1,
*,shop_499_1,315,315,2,0,2,1,4.99,,-1,,499,1,
*,shop_999_1,720,720,2,0,3,1,9.99,,-1,,999,1,
*,shop_1999_1,1560,1560,2,0,4,1,19.99,,-1,,1999,1,
*,shop_4999_1,4050,4050,2,0,5,1,49.99,,-1,,4999,1,
*,shop_9999_1,8400,8400,2,0,6,1,99.99,,-1,,9999,1,
*,shop_499_special_1,615,315,2,0,2,1,4.99,shop_499_1,1,CZ_ChongZhi_4.99,499,1,
*,shop_1999_special_1,2760,1560,2,0,4,1,19.99,shop_1999_1,1,CZ_ChongZhi_19.99,1999,1,
*,shop_4999_special_1,7050,4050,2,0,5,1,49.99,shop_4999_1,1,CZ_ChongZhi_49.99,4999,1,
*,shop_9999_special_1,14400,8400,2,0,6,1,99.99,shop_9999_1,1,CZ_ChongZhi_99.99,9999,1,
*,new_user_pack_499,,,,1,4,1,4.99,,,,499,1,
*,invest_1999,,,,3,0,1,19.99,,,,1999,1,
*,vip_01_499,,,,5,,1,,,,,,1,
*,sales_499,,,,1,5,1,4.99,,,,499,1,
*,sales_999,,,,1,6,1,9.99,,,,999,1,
*,sales_1499,,,,1,7,1,14.99,,,,1499,1,
