,,备注,装备品质,属性品质,属性初始分值,属性修正系数(/10000),装备继承消耗,武器继承消耗,0,1,1.5,2.2000000000000002,3.1,4.0999999999999996,5.0999999999999996,6
*,ID,NAME,EquipQualityScore,AttQualityScore,AttInitialScore,Modulus,EquipInherit,WeaponInherit,EquipStar0,EquipStar1,EquipStar2,EquipStar3,EquipStar4,EquipStar5,EquipStar6,EquipStar7
*,1001,1-白,0,15,15,10000,0,0,0,15,23,33,47,62,77,90
*,1001,1-绿,546,91,91,15000,0,0,30,91,137,200,282,373,464,546
*,1001,1-蓝,3282,547,547,19000,20,100,182,547,821,1203,1696,2243,2790,3282
*,1001,1-紫,19698,3283,3283,22000,50,300,1094,3283,4925,7223,10177,13460,16743,19698
*,1001,1-橙,118194,19699,19699,24000,100,600,6566,19699,29549,43338,61067,80766,100465,118194
*,1001,1-红,709170,118195,118195,25000,200,1000,39398,118195,177293,260029,366405,484600,602795,709170
*,1011,11-白,0,26,26,10000,0,0,9,26,39,57,81,107,133,156
*,1011,11-绿,942,157,157,15000,0,0,52,157,236,345,487,644,801,942
*,1011,11-蓝,5658,943,943,19000,20,100,314,943,1415,2075,2923,3866,4809,5658
*,1011,11-紫,33954,5659,5659,22000,50,300,1886,5659,8489,12450,17543,23202,28861,33954
*,1011,11-橙,203730,33955,33955,24000,100,600,11318,33955,50933,74701,105261,139216,173171,203730
*,1011,11-红,1222386,203731,203731,25000,200,1000,67910,203731,305597,448208,631566,835297,1039028,1222386
*,1021,21-白,0,42,42,10000,0,0,14,42,63,92,130,172,214,252
*,1021,21-绿,1518,253,253,15000,2,20,84,253,380,557,784,1037,1290,1518
*,1021,21-蓝,9114,1519,1519,19000,20,100,506,1519,2279,3342,4709,6228,7747,9114
*,1021,21-紫,54690,9115,9115,22000,50,300,3038,9115,13673,20053,28257,37372,46487,54690
*,1021,21-橙,328146,54691,54691,24000,100,600,18230,54691,82037,120320,169542,224233,278924,328146
*,1021,21-红,1968882,328147,328147,25000,200,1000,109382,328147,492221,721923,1017256,1345403,1673550,1968882
*,1031,31-白,0,63,63,10000,0,0,21,63,95,139,195,258,321,378
*,1031,31-绿,2274,379,379,15000,2,20,126,379,569,834,1175,1554,1933,2274
*,1031,31-蓝,13650,2275,2275,19000,20,100,758,2275,3413,5005,7053,9328,11603,13650
*,1031,31-紫,81906,13651,13651,22000,50,300,4550,13651,20477,30032,42318,55969,69620,81906
*,1031,31-橙,491442,81907,81907,24000,100,600,27302,81907,122861,180195,253912,335819,417726,491442
*,1031,31-红,2948658,491443,491443,25000,200,1000,163814,491443,737165,1081175,1523473,2014916,2506359,2948658
*,1041,41-白,0,89,89,10000,0,0,30,89,134,196,276,365,454,534
*,1041,41-绿,3210,535,535,15000,2,20,178,535,803,1177,1659,2194,2729,3210
*,1041,41-蓝,19266,3211,3211,19000,20,100,1070,3211,4817,7064,9954,13165,16376,19266
*,1041,41-紫,115602,19267,19267,22000,50,300,6422,19267,28901,42387,59728,78995,98262,115602
*,1041,41-橙,693618,115603,115603,24000,100,600,38534,115603,173405,254327,358369,473972,589575,693618
*,1041,41-红,4161714,693619,693619,25000,200,1000,231206,693619,1040429,1525962,2150219,2843838,3537457,4161714
*,1051,51-白,0,120,120,10000,0,0,40,120,180,264,372,492,612,720
*,1051,51-绿,4326,721,721,15000,2,20,240,721,1082,1586,2235,2956,3677,4326
*,1051,51-蓝,25962,4327,4327,19000,20,100,1442,4327,6491,9519,13414,17741,22068,25962
*,1051,51-紫,155778,25963,25963,22000,50,300,8654,25963,38945,57119,80485,106448,132411,155778
*,1051,51-橙,934674,155779,155779,24000,100,600,51926,155779,233669,342714,482915,638694,794473,934674
*,1051,51-红,5608050,934675,934675,25000,200,1000,311558,934675,1402013,2056285,2897493,3832168,4766843,5608050
*,1061,61-白,0,158,158,10000,0,0,53,158,237,348,490,648,806,948
*,1061,61-绿,5694,949,949,15000,2,20,316,949,1424,2088,2942,3891,4840,5694
*,1061,61-蓝,34170,5695,5695,19000,20,100,1898,5695,8543,12529,17655,23350,29045,34170
*,1061,61-紫,205026,34171,34171,22000,50,300,11390,34171,51257,75176,105930,140101,174272,205026
*,1061,61-橙,1230162,205027,205027,24000,100,600,68342,205027,307541,451059,635584,840611,1045638,1230162
*,1061,61-红,7380978,1230163,1230163,25000,200,1000,410054,1230163,1845245,2706359,3813505,5043668,6273831,7380978
*,1071,71-白,0,200,200,10000,0,0,67,200,300,440,620,820,1020,1200
*,1071,71-绿,7206,1201,1201,15000,2,20,400,1201,1802,2642,3723,4924,6125,7206
*,1071,71-蓝,43242,7207,7207,19000,20,100,2402,7207,10811,15855,22342,29549,36756,43242
*,1071,71-紫,259458,43243,43243,22000,50,300,14414,43243,64865,95135,134053,177296,220539,259458
*,1071,71-橙,1556754,259459,259459,24000,100,600,86486,259459,389189,570810,804323,1063782,1323241,1556754
*,1071,71-红,9340530,1556755,1556755,25000,200,1000,518918,1556755,2335133,3424861,4825941,6382696,7939451,9340530
