,编号,职业,部件,星级,属性ID,属性值,属性2ID,属性值,属性3ID,属性值,属性4ID,属性值,需求材料,需求数量,需求材料,需求数量,金钱类型,金钱数量,保险Id,保险(前三级),成功几率,图标
,STRING,INT,INT,INT,STRING,INT,STRING,INT,STRING,INT,STRING,INT,STRING,INT,STRING,INT,INT,INT,STRING,INT,INT,STRING
*,ID,Job,Part,Lv,Stat1,Value1,Stat2,Value2,Stat3,Value3,Stat4,Value4,CostId1,Cost1,CostId2,Cost2,MoneyType,MoneyCost,SaftyId,SaftyCost,Chance,ICON
*,1,0,1,0,1001,0,1002,0,1005,0,1006,0,4001,1,,,0,100000,4003,0,35,CZ_shengXing_1
*,2,0,1,1,1001,130,1002,7815,1005,45,1006,210,4001,5,,,0,200000,4003,5,35,CZ_shengXing_1
*,3,0,1,2,1001,155,1002,9450,1005,60,1006,240,4001,10,,,0,400000,4003,10,35,CZ_shengXing_1
*,4,0,1,3,1001,210,1002,12720,1005,75,1006,330,4001,20,,,0,750000,4003,20,30,CZ_shengXing_1
*,5,0,1,4,1001,265,1002,15990,1005,105,1006,420,4001,30,,,0,2500000,4003,30,20,CZ_shengXing_1
*,6,0,1,5,1001,425,1002,25785,1005,165,1006,675,4001,60,4002,10,0,5000000,4003,40,25,CZ_shengXing_1
*,7,0,1,6,1001,645,1002,38850,1005,255,1006,1005,4001,80,4002,30,0,10000000,4003,50,20,CZ_shengXing_1
*,8,0,1,7,1001,915,1002,55170,1005,345,1006,1440,4001,110,4002,60,0,25000000,4003,60,10,CZ_shengXing_1
*,9,0,1,8,1001,1240,1002,74760,1005,480,1006,1935,4001,245,4002,100,0,75000000,4003,70,5,CZ_shengXing_1
*,10,0,1,9,1001,1615,1002,97620,1005,630,1006,2535,4001,666,4002,200,0,250000000,4003,80,1,CZ_shengXing_1
*,11,0,1,10,1001,2050,1002,123750,1005,795,1006,3210,,,,,,,,,,CZ_shengXing_1
*,12,0,2,0,1001,0,1003,0,1004,0,1007,0,4001,1,,,0,100000,4003,0,35,CZ_shengXing_3
*,13,0,2,1,1001,130,1003,60,1004,420,1007,30,4001,5,,,0,200000,4003,5,35,CZ_shengXing_3
*,14,0,2,2,1001,155,1003,60,1004,510,1007,30,4001,10,,,0,400000,4003,10,35,CZ_shengXing_3
*,15,0,2,3,1001,210,1003,90,1004,690,1007,45,4001,20,,,0,750000,4003,20,30,CZ_shengXing_3
*,16,0,2,4,1001,265,1003,105,1004,870,1007,45,4001,30,,,0,2500000,4003,30,20,CZ_shengXing_3
*,17,0,2,5,1001,425,1003,180,1004,1410,1007,75,4001,60,4002,10,0,5000000,4003,40,25,CZ_shengXing_3
*,18,0,2,6,1001,645,1003,255,1004,2115,1007,120,4001,80,4002,30,0,10000000,4003,50,20,CZ_shengXing_3
*,19,0,2,7,1001,915,1003,375,1004,3015,1007,180,4001,110,4002,60,0,25000000,4003,60,10,CZ_shengXing_3
*,20,0,2,8,1001,1240,1003,510,1004,4080,1007,240,4001,245,4002,100,0,75000000,4003,70,5,CZ_shengXing_3
*,21,0,2,9,1001,1615,1003,660,1004,5325,1007,315,4001,666,4002,200,0,250000000,4003,80,1,CZ_shengXing_3
*,22,0,2,10,1001,2050,1003,840,1004,6750,1007,390,,,,,,,,,,CZ_shengXing_3
*,23,0,3,0,2001,0,2002,0,2007,0,2006,0,4001,1,,,0,100000,4003,0,35,CZ_shengXing_2
*,24,0,3,1,2001,50,2002,100,2007,100,2006,100,4001,5,,,0,200000,4003,5,35,CZ_shengXing_2
*,25,0,3,2,2001,100,2002,200,2007,200,2006,200,4001,10,,,0,400000,4003,10,35,CZ_shengXing_2
*,26,0,3,3,2001,150,2002,300,2007,300,2006,300,4001,20,,,0,750000,4003,20,30,CZ_shengXing_2
*,27,0,3,4,2001,200,2002,400,2007,400,2006,400,4001,30,,,0,2500000,4003,30,20,CZ_shengXing_2
*,28,0,3,5,2001,250,2002,500,2007,500,2006,500,4001,60,4002,10,0,5000000,4003,40,25,CZ_shengXing_2
*,29,0,3,6,2001,350,2002,700,2007,700,2006,700,4001,80,4002,30,0,10000000,4003,50,20,CZ_shengXing_2
*,30,0,3,7,2001,450,2002,900,2007,900,2006,900,4001,110,4002,60,0,25000000,4003,60,10,CZ_shengXing_2
*,31,0,3,8,2001,600,2002,1200,2007,1200,2006,1200,4001,245,4002,100,0,75000000,4003,70,5,CZ_shengXing_2
*,32,0,3,9,2001,800,2002,1600,2007,1600,2006,1600,4001,666,4002,200,0,250000000,4003,80,1,CZ_shengXing_2
*,33,0,3,10,2001,1000,2002,2000,2007,2000,2006,2000,,,,,,,,,,CZ_shengXing_2
*,34,0,4,0,2001,0,2003,0,2004,0,2005,0,4001,1,,,0,100000,4003,0,35,CZ_shengXing_4
*,35,0,4,1,2001,50,2003,100,2004,100,2005,100,4001,5,,,0,200000,4003,5,35,CZ_shengXing_4
*,36,0,4,2,2001,100,2003,200,2004,200,2005,200,4001,10,,,0,400000,4003,10,35,CZ_shengXing_4
*,37,0,4,3,2001,150,2003,300,2004,300,2005,300,4001,20,,,0,750000,4003,20,30,CZ_shengXing_4
*,38,0,4,4,2001,200,2003,400,2004,400,2005,400,4001,30,,,0,2500000,4003,30,20,CZ_shengXing_4
*,39,0,4,5,2001,250,2003,500,2004,500,2005,500,4001,60,4002,10,0,5000000,4003,40,25,CZ_shengXing_4
*,40,0,4,6,2001,350,2003,700,2004,700,2005,700,4001,80,4002,30,0,10000000,4003,50,20,CZ_shengXing_4
*,41,0,4,7,2001,450,2003,900,2004,900,2005,900,4001,110,4002,60,0,25000000,4003,60,10,CZ_shengXing_4
*,42,0,4,8,2001,600,2003,1200,2004,1200,2005,1200,4001,245,4002,100,0,75000000,4003,70,5,CZ_shengXing_4
*,43,0,4,9,2001,800,2003,1600,2004,1600,2005,1600,4001,666,4002,200,0,250000000,4003,80,1,CZ_shengXing_4
*,44,0,4,10,2001,1000,2003,2000,2004,2000,2005,2000,,,,,,,,,,CZ_shengXing_4
*,45,1,1,0,1001,0,1002,0,1005,0,1006,0,4001,1,,,0,100000,4003,0,35,CZ_shengXing_1
*,46,1,1,1,1001,125,1002,8535,1005,45,1006,120,4001,5,,,0,200000,4003,5,35,CZ_shengXing_1
*,47,1,1,2,1001,150,1002,10320,1005,60,1006,150,4001,10,,,0,400000,4003,10,35,CZ_shengXing_1
*,48,1,1,3,1001,200,1002,13875,1005,75,1006,195,4001,20,,,0,750000,4003,20,30,CZ_shengXing_1
*,49,1,1,4,1001,250,1002,17445,1005,105,1006,240,4001,30,,,0,2500000,4003,30,20,CZ_shengXing_1
*,50,1,1,5,1001,405,1002,28125,1005,165,1006,390,4001,60,4002,10,0,5000000,4003,40,25,CZ_shengXing_1
*,51,1,1,6,1001,610,1002,42375,1005,255,1006,585,4001,80,4002,30,0,10000000,4003,50,20,CZ_shengXing_1
*,52,1,1,7,1001,870,1002,60195,1005,345,1006,840,4001,110,4002,60,0,25000000,4003,60,10,CZ_shengXing_1
*,53,1,1,8,1001,1180,1002,81570,1005,480,1006,1140,4001,245,4002,100,0,75000000,4003,70,5,CZ_shengXing_1
*,54,1,1,9,1001,1540,1002,106500,1005,630,1006,1485,4001,666,4002,200,0,250000000,4003,80,1,CZ_shengXing_1
*,55,1,1,10,1001,1950,1002,135000,1005,795,1006,1875,,,,,,,,,,CZ_shengXing_1
*,56,1,2,0,1001,0,1003,0,1004,0,1007,0,4001,1,,,0,100000,4003,0,35,CZ_shengXing_3
*,57,1,2,1,1001,125,1003,90,1004,270,1007,30,4001,5,,,0,200000,4003,5,35,CZ_shengXing_3
*,58,1,2,2,1001,150,1003,105,1004,330,1007,30,4001,10,,,0,400000,4003,10,35,CZ_shengXing_3
*,59,1,2,3,1001,200,1003,135,1004,435,1007,45,4001,20,,,0,750000,4003,20,30,CZ_shengXing_3
*,60,1,2,4,1001,250,1003,165,1004,555,1007,45,4001,30,,,0,2500000,4003,30,20,CZ_shengXing_3
*,61,1,2,5,1001,405,1003,270,1004,885,1007,75,4001,60,4002,10,0,5000000,4003,40,25,CZ_shengXing_3
*,62,1,2,6,1001,610,1003,420,1004,1335,1007,120,4001,80,4002,30,0,10000000,4003,50,20,CZ_shengXing_3
*,63,1,2,7,1001,870,1003,585,1004,1890,1007,180,4001,110,4002,60,0,25000000,4003,60,10,CZ_shengXing_3
*,64,1,2,8,1001,1180,1003,795,1004,2565,1007,240,4001,245,4002,100,0,75000000,4003,70,5,CZ_shengXing_3
*,65,1,2,9,1001,1540,1003,1050,1004,3360,1007,315,4001,666,4002,200,0,250000000,4003,80,1,CZ_shengXing_3
*,66,1,2,10,1001,1950,1003,1320,1004,4245,1007,390,,,,,,,,,,CZ_shengXing_3
*,67,1,3,0,2001,0,2002,0,2007,0,2006,0,4001,1,,,0,100000,4003,0,35,CZ_shengXing_2
*,68,1,3,1,2001,50,2002,100,2007,100,2006,100,4001,5,,,0,200000,4003,5,35,CZ_shengXing_2
*,69,1,3,2,2001,100,2002,200,2007,200,2006,200,4001,10,,,0,400000,4003,10,35,CZ_shengXing_2
*,70,1,3,3,2001,150,2002,300,2007,300,2006,300,4001,20,,,0,750000,4003,20,30,CZ_shengXing_2
*,71,1,3,4,2001,200,2002,400,2007,400,2006,400,4001,30,,,0,2500000,4003,30,20,CZ_shengXing_2
*,72,1,3,5,2001,250,2002,500,2007,500,2006,500,4001,60,4002,10,0,5000000,4003,40,25,CZ_shengXing_2
*,73,1,3,6,2001,350,2002,700,2007,700,2006,700,4001,80,4002,30,0,10000000,4003,50,20,CZ_shengXing_2
*,74,1,3,7,2001,450,2002,900,2007,900,2006,900,4001,110,4002,60,0,25000000,4003,60,10,CZ_shengXing_2
*,75,1,3,8,2001,600,2002,1200,2007,1200,2006,1200,4001,245,4002,100,0,75000000,4003,70,5,CZ_shengXing_2
*,76,1,3,9,2001,800,2002,1600,2007,1600,2006,1600,4001,666,4002,200,0,250000000,4003,80,1,CZ_shengXing_2
*,77,1,3,10,2001,1000,2002,2000,2007,2000,2006,2000,,,,,,,,,,CZ_shengXing_2
*,78,1,4,0,2001,0,2003,0,2004,0,2005,0,4001,1,,,0,100000,4003,0,35,CZ_shengXing_4
*,79,1,4,1,2001,50,2003,100,2004,100,2005,100,4001,5,,,0,200000,4003,5,35,CZ_shengXing_4
*,80,1,4,2,2001,100,2003,200,2004,200,2005,200,4001,10,,,0,400000,4003,10,35,CZ_shengXing_4
*,81,1,4,3,2001,150,2003,300,2004,300,2005,300,4001,20,,,0,750000,4003,20,30,CZ_shengXing_4
*,82,1,4,4,2001,200,2003,400,2004,400,2005,400,4001,30,,,0,2500000,4003,30,20,CZ_shengXing_4
*,83,1,4,5,2001,250,2003,500,2004,500,2005,500,4001,60,4002,10,0,5000000,4003,40,25,CZ_shengXing_4
*,84,1,4,6,2001,350,2003,700,2004,700,2005,700,4001,80,4002,30,0,10000000,4003,50,20,CZ_shengXing_4
*,85,1,4,7,2001,450,2003,900,2004,900,2005,900,4001,110,4002,60,0,25000000,4003,60,10,CZ_shengXing_4
*,86,1,4,8,2001,600,2003,1200,2004,1200,2005,1200,4001,245,4002,100,0,75000000,4003,70,5,CZ_shengXing_4
*,87,1,4,9,2001,800,2003,1600,2004,1600,2005,1600,4001,666,4002,200,0,250000000,4003,80,1,CZ_shengXing_4
*,88,1,4,10,2001,1000,2003,2000,2004,2000,2005,2000,,,,,,,,,,CZ_shengXing_4
*,89,2,1,0,1001,0,1002,0,1005,0,1006,0,4001,1,,,0,100000,4003,0,35,CZ_shengXing_1
*,90,2,1,1,1001,180,1002,5265,1005,45,1006,315,4001,5,,,0,200000,4003,5,35,CZ_shengXing_1
*,91,2,1,2,1001,220,1002,6360,1005,60,1006,375,4001,10,,,0,400000,4003,10,35,CZ_shengXing_1
*,92,2,1,3,1001,295,1002,8550,1005,75,1006,510,4001,20,,,0,750000,4003,20,30,CZ_shengXing_1
*,93,2,1,4,1001,370,1002,10755,1005,105,1006,645,4001,30,,,0,2500000,4003,30,20,CZ_shengXing_1
*,94,2,1,5,1001,595,1002,17340,1005,165,1006,1035,4001,60,4002,10,0,5000000,4003,40,25,CZ_shengXing_1
*,95,2,1,6,1001,895,1002,26130,1005,255,1006,1575,4001,80,4002,30,0,10000000,4003,50,20,CZ_shengXing_1
*,96,2,1,7,1001,1270,1002,37110,1005,345,1006,2235,4001,110,4002,60,0,25000000,4003,60,10,CZ_shengXing_1
*,97,2,1,8,1001,1720,1002,50295,1005,480,1006,3015,4001,245,4002,100,0,75000000,4003,70,5,CZ_shengXing_1
*,98,2,1,9,1001,2250,1002,65670,1005,630,1006,3945,4001,666,4002,200,0,250000000,4003,80,1,CZ_shengXing_1
*,99,2,1,10,1001,2850,1002,83250,1005,795,1006,4995,,,,,,,,,,CZ_shengXing_1
*,100,2,2,0,1001,0,1003,0,1004,0,1007,0,4001,1,,,0,100000,4003,0,35,CZ_shengXing_3
*,101,2,2,1,1001,180,1003,45,1004,900,1007,30,4001,5,,,0,200000,4003,5,35,CZ_shengXing_3
*,102,2,2,2,1001,220,1003,45,1004,1095,1007,30,4001,10,,,0,400000,4003,10,35,CZ_shengXing_3
*,103,2,2,3,1001,295,1003,60,1004,1470,1007,45,4001,20,,,0,750000,4003,20,30,CZ_shengXing_3
*,104,2,2,4,1001,370,1003,90,1004,1845,1007,45,4001,30,,,0,2500000,4003,30,20,CZ_shengXing_3
*,105,2,2,5,1001,595,1003,135,1004,2970,1007,75,4001,60,4002,10,0,5000000,4003,40,25,CZ_shengXing_3
*,106,2,2,6,1001,895,1003,210,1004,4470,1007,120,4001,80,4002,30,0,10000000,4003,50,20,CZ_shengXing_3
*,107,2,2,7,1001,1270,1003,285,1004,6360,1007,180,4001,110,4002,60,0,25000000,4003,60,10,CZ_shengXing_3
*,108,2,2,8,1001,1720,1003,390,1004,8610,1007,240,4001,245,4002,100,0,75000000,4003,70,5,CZ_shengXing_3
*,109,2,2,9,1001,2250,1003,510,1004,11235,1007,315,4001,666,4002,200,0,250000000,4003,80,1,CZ_shengXing_3
*,110,2,2,10,1001,2850,1003,645,1004,14250,1007,390,,,,,,,,,,CZ_shengXing_3
*,111,2,3,0,2001,0,2002,0,2007,0,2006,0,4001,1,,,0,100000,4003,0,35,CZ_shengXing_2
*,112,2,3,1,2001,50,2002,100,2007,100,2006,100,4001,5,,,0,200000,4003,5,35,CZ_shengXing_2
*,113,2,3,2,2001,100,2002,200,2007,200,2006,200,4001,10,,,0,400000,4003,10,35,CZ_shengXing_2
*,114,2,3,3,2001,150,2002,300,2007,300,2006,300,4001,20,,,0,750000,4003,20,30,CZ_shengXing_2
*,115,2,3,4,2001,200,2002,400,2007,400,2006,400,4001,30,,,0,2500000,4003,30,20,CZ_shengXing_2
*,116,2,3,5,2001,250,2002,500,2007,500,2006,500,4001,60,4002,10,0,5000000,4003,40,25,CZ_shengXing_2
*,117,2,3,6,2001,350,2002,700,2007,700,2006,700,4001,80,4002,30,0,10000000,4003,50,20,CZ_shengXing_2
*,118,2,3,7,2001,450,2002,900,2007,900,2006,900,4001,110,4002,60,0,25000000,4003,60,10,CZ_shengXing_2
*,119,2,3,8,2001,600,2002,1200,2007,1200,2006,1200,4001,245,4002,100,0,75000000,4003,70,5,CZ_shengXing_2
*,120,2,3,9,2001,800,2002,1600,2007,1600,2006,1600,4001,666,4002,200,0,250000000,4003,80,1,CZ_shengXing_2
*,121,2,3,10,2001,1000,2002,2000,2007,2000,2006,2000,,,,,,,,,,CZ_shengXing_2
*,122,2,4,0,2001,0,2003,0,2004,0,2005,0,4001,1,,,0,100000,4003,0,35,CZ_shengXing_4
*,123,2,4,1,2001,50,2003,100,2004,100,2005,100,4001,5,,,0,200000,4003,5,35,CZ_shengXing_4
*,124,2,4,2,2001,100,2003,200,2004,200,2005,200,4001,10,,,0,400000,4003,10,35,CZ_shengXing_4
*,125,2,4,3,2001,150,2003,300,2004,300,2005,300,4001,20,,,0,750000,4003,20,30,CZ_shengXing_4
*,126,2,4,4,2001,200,2003,400,2004,400,2005,400,4001,30,,,0,2500000,4003,30,20,CZ_shengXing_4
*,127,2,4,5,2001,250,2003,500,2004,500,2005,500,4001,60,4002,10,0,5000000,4003,40,25,CZ_shengXing_4
*,128,2,4,6,2001,350,2003,700,2004,700,2005,700,4001,80,4002,30,0,10000000,4003,50,20,CZ_shengXing_4
*,129,2,4,7,2001,450,2003,900,2004,900,2005,900,4001,110,4002,60,0,25000000,4003,60,10,CZ_shengXing_4
*,130,2,4,8,2001,600,2003,1200,2004,1200,2005,1200,4001,245,4002,100,0,75000000,4003,70,5,CZ_shengXing_4
*,131,2,4,9,2001,800,2003,1600,2004,1600,2005,1600,4001,666,4002,200,0,250000000,4003,80,1,CZ_shengXing_4
*,132,2,4,10,2001,1000,2003,2000,2004,2000,2005,2000,,,,,,,,,,CZ_shengXing_4
