,,消费类型,消费值
*,level,PriceType,PriceValue
*,1,0,10000
*,2,0,20000
*,3,0,30000
*,4,0,40000
*,5,0,50000
*,6,0,60000
*,7,0,70000
*,8,0,80000
*,9,0,90000
*,10,0,100000
*,11,0,110000
*,12,0,120000
*,13,0,130000
*,14,0,140000
*,15,0,150000
*,16,0,200000
*,17,0,300000
*,18,0,400000
*,19,0,500000
*,20,0,600000
*,21,0,700000
*,22,0,800000
*,23,0,900000
*,24,0,1000000
*,25,0,3000000
*,26,0,7000000
*,27,0,18000000
*,28,0,18720000
*,29,0,19440000
*,30,0,20160000
*,31,0,41760000
*,32,0,44640000
*,33,0,47520000
*,34,0,50400000
*,35,0,53280000
*,36,0,56160000
*,37,0,59040000
*,38,0,61920000
*,39,0,64800000
*,40,0,67680000
*,41,0,70560000
*,42,0,73440000
*,43,0,76320000
*,44,0,79200000
*,45,0,82080000
*,46,0,127440000
*,47,0,133920000
*,48,0,140400000
*,49,0,146880000
*,50,0,153360000
*,51,0,159840000
*,52,0,166320000
*,53,0,172800000
*,54,0,179280000
*,55,0,185760000
*,56,0,192240000
*,57,0,198720000
*,58,0,273600000
*,59,0,285120000
*,60,0,296640000
*,61,0,308160000
*,62,0,319680000
*,63,0,331200000
*,64,0,342720000
*,65,0,354240000
*,66,0,365760000
*,67,0,377280000
*,68,0,388800000
*,69,0,400320000
*,70,0,411840000
*,71,0,423360000
*,72,0,434880000
*,73,0,446400000
*,74,0,457920000
*,75,0,469440000
*,76,0,480960000
*,77,0,492480000
*,78,0,504000000
*,79,0,515520000
