,STRING,INT,STRING,INT,INT,FLOAT,FLOAT,FLOAT
*,MapID,PointType,NPCID,PathGroup,PathIndex,PosX,PosY,PosZ
*,201,1,201,0,0,8.941149,0,30.73356
*,201,1,201,0,1,5.705517,0,32.08942
*,201,1,201,0,2,0.7291907,0,35.24808
*,201,1,201,0,3,-4.083719,0,30.84991
*,201,1,201,0,4,-11.49688,-7.04901,29.12192
*,201,1,201,1,0,-10.01131,0,27.71635
*,201,1,201,1,1,-4.18531,0,25.7511
*,201,1,201,1,2,-0.6681749,0,24.15633
*,201,1,201,1,3,5.41337,0,25.60551
*,201,1,201,1,4,10.10523,0,27.93436
*,201,1,201,2,0,3.032125,0,11.75596
*,201,1,201,2,1,15.82667,0,12.82189
*,201,1,201,2,2,18.15286,0,15.58708
*,201,1,201,2,3,9.967281,0,19.7496
*,201,1,201,2,4,4.901611,0,21.93602
*,201,1,202,3,0,-13.63661,0,0.7266102
*,201,1,202,3,1,16.41039,0,1.117524
*,201,1,201,4,0,-5.589606,0,20.58072
*,201,1,201,4,1,-9.68905,0,18.33022
*,201,1,201,4,2,-15.7932,0,15.4809
*,201,1,201,4,3,-12.64743,0,13.6755
*,201,1,201,4,4,-5.457311,0,12.6825
*,201,1,202,5,0,16.93345,0,2.116585
*,201,1,202,5,1,-8.381044,0,1.831089
*,202,1,201,0,0,3.702843,0,32.46875
*,202,1,201,0,1,-4.049377,0,31.9798
*,202,1,202,1,0,-15.76137,0,1.032017
*,202,1,202,1,1,0.2029152,0,1.422931
*,202,1,201,2,0,-0.8253975,0,22.89065
*,202,1,201,2,1,-14.54326,0,15.69346
*,202,1,201,2,2,0.506624,0,10.55991
*,202,1,201,2,3,19.56776,0,14.71334
*,204,1,201,0,0,3.702843,0,32.46875
*,204,1,201,0,1,-4.049377,0,31.9798
*,204,1,202,1,0,-15.76137,0,1.032017
*,204,1,202,1,1,0.2029152,0,1.422931
*,204,1,201,2,0,-0.8253975,0,22.89065
*,204,1,201,2,1,-14.54326,0,15.69346
*,204,1,201,2,2,0.506624,0,10.55991
*,204,1,201,2,3,19.56776,0,14.71334
*,209,1,201,0,0,17.9034,0,29.05547
*,209,1,201,0,1,8.322966,0,30.91168
*,209,1,201,1,0,-13.33,0,26.87368
*,209,1,201,1,1,-8.811378,0,29.43485
*,209,1,201,2,0,-2.858768,0,23.63238
*,209,1,201,2,1,4.193107,0,23.81869
*,209,1,201,3,0,3.88596,0,10.08445
*,209,1,201,3,1,-2.912633,0,10.03893
*,209,1,201,4,0,-13.60526,0,15.5046
*,209,1,201,4,1,-19.90385,0,14.59285
*,209,1,202,5,0,-6.694412,0,1.032017
*,209,1,202,5,1,9.269871,0,1.422931
*,209,1,201,6,0,20.73038,0,16.32623
*,209,1,201,6,1,16.27791,0,13.09774
*,210,1,201,0,0,4.511488,0,33.1777
*,210,1,201,0,1,-4.642057,0,32.99306
*,210,1,201,1,0,13.13453,0,31.28472
*,210,1,201,1,1,9.657314,0,31.10009
*,210,1,201,1,2,9.657314,0,27.83154
*,210,1,201,2,0,-4.2619,0,24.51539
*,210,1,201,2,1,3.825369,0,24.33076
*,210,1,201,3,0,-12.8682,0,27.36673
*,210,1,201,3,1,-9.492059,0,27.46179
*,210,1,201,3,2,-9.614085,0,30.77471
*,210,1,202,4,0,-2.680011,0,-0.649931
*,210,1,202,4,1,-3.579711,0,3.234418
*,210,1,202,4,2,-3.3925,0,11.84767
*,210,1,202,4,3,-6.656136,0,12.87146
*,210,1,202,6,0,5.443325,0,10.7926
*,210,1,202,6,1,0.2236881,0,10.15159
*,210,1,202,6,2,0.3813376,0,3.448731
*,210,1,202,6,3,2.309414,0,2.142228
*,303,1,201,0,0,3.702843,0,32.46875
*,303,1,201,0,1,-4.049377,0,31.9798
*,303,1,202,1,0,-15.76137,0,1.032017
*,303,1,202,1,1,0.2029152,0,1.422931
*,303,1,201,2,0,-0.8253975,0,22.89065
*,303,1,201,2,1,-14.54326,0,15.69346
*,303,1,201,2,2,0.506624,0,10.55991
*,303,1,201,2,3,19.56776,0,14.71334
*,305,1,201,0,0,9.160391,0,54.84019
*,305,1,201,0,1,-31.10955,0,54.84019
*,305,1,201,1,0,46.12607,0,14.01529
*,305,1,201,1,1,46.12607,0,32.01529
*,305,1,201,1,2,19.12607,0,32.01529
*,305,1,201,2,0,34.39085,0,-56.22698
*,305,1,201,2,1,56.39085,0,-56.22698
*,305,1,201,2,2,55.39085,0,-34.22698
*,305,1,201,3,0,-26.06142,0,-19.44654
*,305,1,201,3,1,-26.06922,0,21.43758
*,305,1,201,4,0,-42.62543,0,-14.9261
*,305,1,201,4,1,-42.63323,0,25.95802
*,305,1,201,5,0,-51.84353,0,-10.10117
*,305,1,201,5,1,-51.85133,0,49.77792
*,305,1,201,6,0,-33.45839,0,-27.7113
*,305,1,201,6,1,-52.60215,0,-27.56935
*,305,1,201,6,2,-52.66385,0,-45.72477
*,305,1,201,7,0,0.5431452,0,57.35875
*,305,1,201,7,1,22.76042,0,57.42467
*,305,1,201,8,0,-28.09407,0,57.27382
*,305,1,201,8,1,-5.876793,0,57.33972
*,305,1,201,9,0,-47.31655,0,57.21681
*,305,1,201,9,1,-32.39297,0,57.26107
*,305,1,201,10,0,43.81392,0,16.21505
*,305,1,201,10,1,43.81392,0,34.21505
*,305,1,201,10,2,16.81392,0,34.21505
*,305,1,201,11,0,21.19276,0,32.87183
*,305,1,201,11,1,45.01517,0,33.00026
*,305,1,201,11,2,44.95175,0,44.72533
*,305,1,201,12,0,45.42254,0,1.004875
*,305,1,201,12,1,45.42254,0,6.819862
*,305,1,201,12,2,38.98206,0,6.819862
*,305,1,201,13,0,-10.23989,0,17.11672
*,305,1,201,13,1,-10.23989,0,22.93171
*,305,1,201,13,2,-16.68037,0,22.93171
*,305,1,201,14,0,-43.05564,0,-33.88134
*,305,1,201,14,1,-43.19232,0,-23.26167
*,305,1,201,14,2,-53.67872,0,-23.28597
*,305,1,201,15,0,-58.79938,0,-37.8214
*,305,1,201,15,1,-48.52048,0,-37.84143
*,305,1,201,15,2,-48.48621,0,-32.75509
*,305,1,201,16,0,50.67969,0,-34.62552
*,305,1,201,16,1,31.53593,0,-34.48357
*,305,1,201,16,2,31.47423,0,-52.639
*,305,1,202,17,0,22.16788,0.3260574,-6.189373
*,305,1,202,17,1,34.75307,0.3260574,-6.268559
*,305,1,201,18,0,28.73134,0,-59.50029
*,305,1,201,18,1,28.67914,0,-52.54816
*,305,1,201,18,2,34.02145,0,-52.639
*,305,1,202,19,0,2.244615,0,-8.274883
*,305,1,202,19,1,-8.174242,0,10.33619
*,305,1,202,20,0,6.03611,0,-28.39829
*,305,1,202,20,1,1.840029,0,-22.11185
*,305,1,202,21,0,33.67218,0.326057,-8.532379
*,305,1,202,21,1,21.08718,0.326057,-8.426835
*,305,1,202,22,0,-5.782317,0,-27.74018
*,305,1,202,22,1,-18.02357,0,-27.69848
*,305,1,202,23,0,-24.79374,0,-23.3121
*,305,1,202,23,1,-31.03214,0,-28.13925
*,305,0,,24,,-10.34617,0,-37.67262
*,305,2,,25,,-10.34617,0,-51.64439
*,402,1,201,0,0,8.941149,0,30.73356
*,402,1,201,0,1,5.705517,0,31.25212
*,402,1,201,0,2,0.7291907,0,31.39652
*,402,1,201,0,3,-4.083719,0,30.84991
*,402,1,201,0,4,-11.49688,0,29.12192
*,402,1,201,1,0,-10.01131,0,27.71635
*,402,1,201,1,1,-4.18531,0,25.7511
*,402,1,201,1,2,-0.6681749,0,24.15633
*,402,1,201,1,3,5.41337,0,25.60551
*,402,1,201,1,4,10.10523,0,27.93436
*,402,1,201,2,0,3.032125,0,11.75596
*,402,1,201,2,1,15.82667,0,12.82189
*,402,1,201,2,2,18.15286,0,15.58708
*,402,1,201,2,3,9.967281,0,19.7496
*,402,1,201,2,4,4.901611,0,21.93602
*,402,1,202,3,0,-13.63661,0,0.7266102
*,402,1,202,3,1,16.41039,0,1.117524
*,402,1,201,4,0,-5.589606,0,20.58072
*,402,1,201,4,1,-9.68905,0,18.33022
*,402,1,201,4,2,-15.7932,0,15.4809
*,402,1,201,4,3,-12.64743,0,13.6755
*,402,1,201,4,4,-5.457311,0,12.6825
*,402,1,202,5,0,16.93345,0,2.116585
*,402,1,202,5,1,-8.381044,0,1.831089
*,407,1,201,0,0,-29.74062,0,54.40338
*,407,1,201,0,1,-12.25051,0,54.40338
*,407,1,201,1,0,-11.57317,0,56.63941
*,407,1,201,1,1,-31.29103,0,56.63941
*,407,1,201,2,0,-1.248297,0,-24.86666
*,407,1,201,2,1,-20.96615,0,-24.86666
*,407,1,201,3,0,-19.97632,0,-25.49568
*,407,1,201,3,1,-2.486217,0,-25.49568
*,407,1,201,4,0,34.53059,0,35.13216
*,407,1,201,4,1,14.81274,0,35.13216
*,407,1,201,5,0,34.53059,0,32.2951
*,407,1,201,5,1,14.81274,0,32.2951
*,407,1,201,6,0,34.53059,0,33.73585
*,407,1,201,6,1,14.81274,0,33.73585
*,407,1,201,7,0,13.44463,0,-28.30642
*,407,1,201,7,1,6.926625,0,-28.30642
*,407,1,201,8,0,13.44463,0,-24.51157
*,407,1,201,8,1,6.926625,0,-24.51157
*,407,1,201,9,0,13.44463,0,-26.43239
*,407,1,201,9,1,6.926625,0,-26.43239
*,407,1,202,10,0,43.12267,0,30.02222
*,407,1,202,10,1,43.12267,0,20.50031
*,407,1,202,11,0,-13.04053,0,42.40327
*,407,1,202,11,1,-13.04053,0,36.20583
*,407,1,202,12,0,-14.95308,0,42.40327
*,407,1,202,12,1,-14.95308,0,36.20583
*,407,1,202,13,0,-16.89103,0,42.40327
*,407,1,202,13,1,-16.89103,0,36.20583
*,407,1,202,14,0,-45.33385,0,-6.029247
*,407,1,202,14,1,-45.33385,0,-17.71572
*,407,1,202,15,0,-41.76138,0,-6.029247
*,407,1,202,15,1,-41.76138,0,-17.71572
*,407,1,202,16,0,-43.55645,0,-6.029247
*,407,1,202,16,1,-43.55645,0,-17.71572
*,407,1,202,17,0,-55.43789,0,-42.50608
*,407,1,202,17,1,-55.43789,0,-54.19255
*,407,1,202,18,0,-52.41327,0,-42.50608
*,407,1,202,18,1,-52.41327,0,-54.19255
*,407,1,202,19,0,-53.91132,0,-42.50608
*,407,1,202,19,1,-53.91132,0,-54.19255
*,407,1,202,20,0,46.78817,0,30.02222
*,407,1,202,20,1,46.78817,0,20.50031
*,407,1,202,21,0,45.07845,0,30.02222
*,407,1,202,21,1,45.07845,0,20.50031
*,407,1,202,22,0,2.09827,0,-11.30218
*,407,1,202,22,1,2.09827,0,-22.98865
*,407,1,202,23,0,5.20007,0,-11.30218
*,407,1,202,23,1,5.20007,0,-22.98865
*,407,1,202,24,0,3.717157,0,-11.30218
*,407,1,202,24,1,3.717157,0,-22.98865
*,407,1,202,25,0,-28.38772,0,-17.94607
*,407,1,202,25,1,-28.38772,0,-23.27428
*,407,1,202,26,0,-24.18347,0,-17.94607
*,407,1,202,26,1,-24.18347,0,-23.27428
*,407,1,202,27,0,-26.42976,0,-17.94607
*,407,1,202,27,1,-26.42976,0,-23.27428
*,407,0,,28,,-10.34617,0,-37.67262
*,407,2,,29,,-10.34617,0,-51.64439
*,411,1,201,0,0,-29.74062,0,54.40338
*,411,1,201,0,1,-12.25051,0,54.40338
*,411,1,201,1,0,-11.57317,0,56.63941
*,411,1,201,1,1,-31.29103,0,56.63941
*,411,1,201,2,0,-1.248297,0,-24.86666
*,411,1,201,2,1,-20.96615,0,-24.86666
*,411,1,201,3,0,-19.97632,0,-25.49568
*,411,1,201,3,1,-2.486217,0,-25.49568
*,411,1,201,4,0,34.53059,0,35.13216
*,411,1,201,4,1,14.81274,0,35.13216
*,411,1,201,5,0,34.53059,0,32.2951
*,411,1,201,5,1,14.81274,0,32.2951
*,411,1,201,6,0,34.53059,0,33.73585
*,411,1,201,6,1,14.81274,0,33.73585
*,411,1,201,7,0,13.44463,0,-28.30642
*,411,1,201,7,1,6.926625,0,-28.30642
*,411,1,201,8,0,13.44463,0,-24.51157
*,411,1,201,8,1,6.926625,0,-24.51157
*,411,1,201,9,0,13.44463,0,-26.43239
*,411,1,201,9,1,6.926625,0,-26.43239
*,411,1,202,10,0,43.12267,0,30.02222
*,411,1,202,10,1,43.12267,0,20.50031
*,411,1,202,11,0,-54.5565,0,50.92623
*,411,1,202,11,1,-54.5565,0,36.42282
*,411,1,202,12,0,-45.33385,0,-6.029247
*,411,1,202,12,1,-45.33385,0,-17.71572
*,411,1,202,13,0,-41.76138,0,-6.029247
*,411,1,202,13,1,-41.76138,0,-17.71572
*,411,1,202,14,0,-43.55645,0,-6.029247
*,411,1,202,14,1,-43.55645,0,-17.71572
*,411,1,202,15,0,-55.43789,0,-42.50608
*,411,1,202,15,1,-55.43789,0,-54.19255
*,411,1,202,16,0,-52.41327,0,-42.50608
*,411,1,202,16,1,-52.41327,0,-54.19255
*,411,1,202,17,0,-53.91132,0,-42.50608
*,411,1,202,17,1,-53.91132,0,-54.19255
*,411,1,202,18,0,46.78817,0,30.02222
*,411,1,202,18,1,46.78817,0,20.50031
*,411,1,202,19,0,45.07845,0,30.02222
*,411,1,202,19,1,45.07845,0,20.50031
*,411,1,202,20,0,-28.38772,0,-17.94607
*,411,1,202,20,1,-28.38772,0,-23.27428
*,411,1,202,21,0,-24.18347,0,-17.94607
*,411,1,202,21,1,-24.18347,0,-23.27428
*,411,1,202,22,0,-26.42976,0,-17.94607
*,411,1,202,22,1,-26.42976,0,-23.27428
*,411,1,202,23,0,-51.15612,0,50.92623
*,411,1,202,23,1,-51.15612,0,36.42282
*,411,1,202,24,0,-52.91718,0,50.92623
*,411,1,202,24,1,-52.91718,0,36.42282
*,411,0,,25,,-10.34617,0,-37.67262
*,411,2,,26,,-10.34617,0,-51.64439
