,STRING,STRING,STRING,FLOAT,FLOAT,FLOAT,FLOAT,INT,INT,INT,INT,INT,STRING,INT,INT
,ID,场景ID,模型ID,坐标X,坐标Y,坐标Z,朝向,道具自身数量,调查时间,是否自动刷新,自动刷新时间,任务需要数量,UI显示文字,是否常驻场景,延迟回收时间
*,ID,SceneID,ModelName,PosX,PosY,PosZ,PosO,Count,SurveyTime,IsAutoFresh,AutoFreshTime,NeedNum,Text,IsAlwaysExist,DelayRecycleTime
*,1,102,,19.399999999999999,0.68,-4.8099999999999996,,1,1000,1,1000,1,#{40002},0,
*,2,102,,0.78,0.68,-46.14,,1,1000,1,1000,1,#{40003},0,
*,3,102,,-41.44,0.68,2.57,,1,1000,1,1000,1,#{40004},0,
*,4,102,,-52.35,0.68,-25.1,,1,1000,1,1000,1,#{40005},0,
*,5,11,,197,0,-66,,3,1000,1,1000,3,#{40001},0,
*,6,11,,206.65,0,-101.6,,3,1000,1,1000,3,#{40001},0,
*,7,11,,242.66,0,-175.19,,6,1000,1,1000,6,#{40001},0,
*,8,108,,51.5,6,-30,,6,3000,1,1000,6,#{40001},0,
*,9,108,,55,0.8,36,,6,5000,1,1000,6,#{40006},,
*,24,105,,-39,0.68,10,,6,1000,1,1000,6,#{40007},0,
*,25,107,,-23,0.28000000000000003,-39,,6,1000,1,1000,6,#{40007},0,
*,26,107,,56,0.28000000000000003,1,,6,1000,1,1000,6,#{40008},0,
*,27,11,renWu_cheBaoZa,-42.5,1,56,245,1,3000,1,3000,1,#{40001},0,5
*,28,11,,-80,1,66,,3,1000,1,1000,3,#{40001},0,
*,29,11,,-168,1,16,,3,1000,1,1000,3,#{40001},0,
,日环任务,,,,,,,,,,,,,0,
*,2001,105,,5,0.68,22,,3,1000,1,1000,3,#{40001},0,
*,2002,105,,-46,0.68,46,,3,1000,1,1000,3,#{40001},0,
*,2003,105,,22.5,0.68,-15,,3,1000,1,1000,3,#{40001},0,
*,2004,105,,-32,0.68,-38,,3,1000,1,1000,3,#{40001},0,
*,2005,105,,-53,0.68,39.6,,5,1000,1,1000,5,#{40009},0,
*,3001,104,,50,0.68,-10,,3,1000,1,1000,3,#{40001},0,
*,3002,104,,-42,0.68,-2,,3,1000,1,1000,3,#{40001},0,
*,3003,104,,-12,0.68,44,,3,1000,1,1000,3,#{40001},0,
*,3004,104,,15,0.68,15,,5,1000,1,1000,5,#{40009},0,
*,3005,104,,-15,0.68,30,,5,1000,1,1000,5,#{40009},0,
*,4001,102,,-4.5,0.68,46,,3,1000,1,1000,3,#{40001},0,
*,4002,102,,32,0.68,46,,3,1000,1,1000,3,#{40001},0,
*,4003,102,,36,0.68,-33,,3,1000,1,1000,3,#{40001},0,
*,4004,102,,-14.5,0.68,-38,,5,1000,1,1000,5,#{40009},0,
*,4005,102,,-38,0.68,25,,5,1000,1,1000,5,#{40009},0,
*,5001,107,,46.27,0,-19.329999999999998,,3,1000,1,1000,3,#{40001},0,
*,5002,107,,-36,0,46.6,,3,1000,1,1000,3,#{40001},0,
*,5003,107,,1.1399999999999999,0,48.4,,3,1000,1,1000,3,#{40001},0,
*,5004,107,,31.36,0,29.31,,5,1000,1,1000,5,#{40009},0,
*,5005,107,,-10.92,0,-30.6,,5,1000,1,1000,5,#{40009},0,
*,6001,108,,31,6,-39,,3,1000,1,1000,3,#{40001},0,
*,6002,108,,-19,7,8,,3,1000,1,1000,3,#{40001},0,
*,6003,108,,-10,7,40,,3,1000,1,1000,3,#{40001},0,
*,6004,108,,3,7,50,,5,1000,1,1000,5,#{40009},0,
*,6005,108,,57,2,30,,5,1000,1,1000,5,#{40009},0,
*,7001,106,,-38,0,-16,,3,1000,1,1000,3,#{40001},0,
*,7002,106,,-6,0,-45,,3,1000,1,1000,3,#{40001},0,
*,7003,106,,40,0,22.5,,3,1000,1,1000,3,#{40001},0,
*,7004,106,,-14.75,0,7,,5,1000,1,1000,5,#{40009},0,
*,7005,106,,14,1.5,-4,,5,1000,1,1000,5,#{40009},0,
*,90001,109,,64,0,10,,3,4000,1,4000,3,#{40007},,
*,90002,109,,-7.5,0,-47,,3,4000,1,4000,3,#{40007},,
*,90003,109,,-64,0,7.5,,3,4000,1,4000,3,#{40007},,
*,90004,110,,-20,0,-10,,3,4000,1,4000,3,#{40007},,
*,90005,110,,12,0,-40,,3,4000,1,4000,3,#{40007},,
*,90006,110,,23,0.5,45,,3,4000,1,4000,3,#{40007},,
*,90007,111,,3,0,28,,3,4000,1,4000,3,#{40007},,
*,90008,111,,5,1.5,-10,,3,4000,1,4000,3,#{40007},,
*,90009,111,,-3,0,-30,,3,4000,1,4000,3,#{40007},,
,地图支线,,,,,,,,,,,,,,
*,11001,105,,-48,0,33,,3,1000,1,1000,3,#{40001},0,
*,11002,105,,-17,0,41,,4,1000,1,1000,4,#{40001},0,
*,11003,105,,27,0,32,,5,1000,1,1000,5,#{40001},0,
*,11004,105,,-16,0,21,,6,1000,1,1000,6,#{40001},0,
*,11005,105,,28,0,28,,7,1000,1,1000,7,#{40001},0,
*,11006,104,,-20,0,-35,,3,1000,1,1000,3,#{40007},0,
*,11007,104,,53,0,-40,,4,1000,1,1000,4,#{40007},0,
*,11008,104,,-13,0,-35,,7,1000,1,1000,7,#{40007},0,
*,11009,104,,30,0,45,,6,1000,1,1000,6,#{40007},0,
*,11010,104,,13,0,-79,,5,1000,1,1000,5,#{40007},0,
*,11011,104,,-13,0,-8,,7,1000,1,1000,7,#{40007},0,
*,11012,102,,0,0,-36,,4,1000,1,1000,4,#{40007},0,
*,11013,102,,-30,0,-36,,4,1000,1,1000,4,#{40007},0,
*,11014,102,,-39,0,-30,,5,1000,1,1000,5,#{40007},0,
*,11015,102,,0,0,36,,4,1000,1,1000,4,#{40007},0,
*,11016,102,,26,0,36,,6,1000,1,1000,6,#{40007},0,
*,11017,102,,26,0,-40,,7,1000,1,1000,7,#{40007},0,
*,11018,102,,20,0,2.5,,4,1000,1,1000,4,#{40007},0,
,大地图任务,,,,,,,,,,,,,,
*,20001,11,,-113,1,98,,6,1000,1,1000,6,#{40001},0,
*,20002,11,,-158,1,-13,,5,1000,1,1000,5,#{40001},0,
*,20003,11,,-30,1,30,,7,1000,1,1000,7,#{40001},0,
*,20004,11,,114,0.3,-85,,6,1000,1,1000,6,#{40001},0,
*,20005,11,,191,0.3,-58,,5,1000,1,1000,5,#{40001},0,
*,20006,11,,176,-1.5,-267,,7,1000,1,1000,7,#{40001},0,
*,20007,11,,-15,0.5,97,,3,1000,1,1000,3,#{40001},0,
*,20008,11,,224,0,-106,,1,2000,1,2000,1,#{40001},0,
*,20009,11,,-220.7,0,27.83,,3,1000,1,1000,3,#{40001},0,
*,20010,11,,-160.69999999999999,1,3.97,,3,1000,1,1000,3,#{40001},0,
*,20011,11,,-197.37,1,-20.97,,1,3000,1,3000,1,#{40001},0,
*,20012,11,,-182,0,-5,,7,1000,1,1000,7,#{40001},0,
*,20013,11,,-15,0.5,97,,3,1000,1,1000,3,#{40001},0,
*,20014,11,,-189.5,0.5,-25.64,,3,1000,1,1000,3,#{40001},0,
*,20015,11,,-171.83,0.5,-113.54,,3,1000,1,1000,3,#{40001},0,
*,20016,11,,-15.17,0.5,73.22,,3,1000,1,1000,3,#{40001},0,
,新GTA地图任务,,,,,,,,,,,,,,
*,1001,11,,317.72000000000003,0,-125.82,,3,1000,1,1000,3,#{40001},0,
*,1002,11,,475.69,0,-271.61,,3,1000,1,1000,3,#{40001},0,
*,1003,11,,46.04,0,-271.61,,3,1000,1,1000,3,#{40001},0,
*,1004,11,,264.23,0,380.98,,3,1000,1,1000,3,#{40001},0,
*,1005,11,,597.86,0,280.20999999999998,,3,1000,1,1000,3,#{40001},0,
*,1006,11,,351.12,0,131.01,,3,1000,1,1000,3,#{40001},0,
*,1007,11,,-243.77,0,526.32000000000005,,3,1000,1,1000,3,#{40001},0,
*,1008,11,,-125.4,0,-233.21,,3,1000,1,1000,3,#{40001},0,
*,1009,11,,-313.91000000000003,0,-398.35,,3,1000,1,1000,3,#{40001},0,
