,Title编号,名称,图标资源,升级所需经验,攻击,,生命,,防御,,命中,,闪避,,暴击,,韧性,,,,,,,
,STRING,STRING,STRING,INT,,,,,,,,,,,,,,,,,,,,
*,ID,Name,Icon,EXP,Status1,Value1,Status2,Value2,Status3,Value3,Status4,Value4,Status5,Value5,Status6,Value6,Status7,Value7,Status8,Value8,Status9,Value9,Status10,Value10
*,0,#{101707},,1000,0,0,0,0,0,0,0,0,0,0,0,0,0,0,,,,,,
*,1,#{101708},CZ_A_tianTi_tuBiao_1,4800,2001,200,2002,200,2003,200,2004,200,2005,200,2006,200,2007,200,,,,,,
*,2,#{101709},CZ_A_tianTi_tuBiao_2,14400,2001,400,2002,400,2003,400,2004,400,2005,400,2006,400,2007,400,,,,,,
*,3,#{101710},CZ_A_tianTi_tuBiao_3,31200,2001,900,2002,900,2003,900,2004,900,2005,900,2006,900,2007,900,,,,,,
*,4,#{101711},CZ_A_tianTi_tuBiao_4,64800,2001,1000,2002,1000,2003,1000,2004,1000,2005,1000,2006,1000,2007,1000,,,,,,
*,5,#{101712},CZ_A_tianTi_tuBiao_5,115200,2001,1700,2002,1700,2003,1700,2004,1700,2005,1700,2006,1700,2007,1700,,,,,,
*,6,#{101713},CZ_A_tianTi_tuBiao_6,187200,2001,2500,2002,2500,2003,2500,2004,2500,2005,2500,2006,2500,2007,2500,,,,,,
*,7,#{101714},CZ_A_tianTi_tuBiao_7,316800,2001,3000,2002,3000,2003,3000,2004,3000,2005,3000,2006,3000,2007,3000,,,,,,
*,8,#{101715},CZ_A_tianTi_tuBiao_8,475200,2001,3500,2002,3500,2003,3500,2004,3500,2005,3500,2006,3500,2007,3500,,,,,,
*,9,#{101716},CZ_A_tianTi_tuBiao_9,720000,2001,4000,2002,4000,2003,4000,2004,4000,2005,4000,2006,4000,2007,4000,,,,,,
*,10,#{101717},CZ_A_tianTi_tuBiao_10,,2001,5000,2002,5000,2003,5000,2004,5000,2005,5000,2006,5000,2007,5000,,,,,,
