,INT,STRING,INT,STRING,STRING,STRING,INT,STRING,INT,STRING,STRING,,,是否显示奖励(1:显示),名字,描述,规则,副本背景图片,副本UI图片,INT,INT
,层级,描述,对应MapInfoId,展示ID,掉落ID,进入倒计时时间,类型,子类型,存活时间,首次通关展示,械斗首次,拳击首次,女枪首次,INT,STRING,STRING,STRING,STRING,STRING,推荐战力,爬塔等级
*,FloorID,Desc,MapID,ShowRewardID,DropID,WaitTime,Type,SubType,ExistTime,SpecialRewardId,XDSpecialDropId,QJSpecialDropId,NQSpecialDropId,IsShowReward,Name,Description,Rule,Background,Icon,NeedComboVal,LimitLevel
*,0,第1层,701,34001,34001,5,300,9,120,,,,,,#{101518},#{101615},#{101616},paTa_PVE,CZ_paTa_PVE,8000,1
*,1,第2层,702,34002,34002,5,300,9,120,,,,,,,,,,,11000,1
*,2,第3层,703,34003,34003,5,300,9,120,,,,,,,,,,,14000,1
*,3,第4层,704,34004,34004,5,300,9,120,,,,,,,,,,,17000,1
*,4,第5层,705,34005,34005,5,300,9,120,34505,34505,34505,34505,1,,,,,,20000,5
*,5,第6层,706,34006,34006,5,300,9,120,,,,,,,,,,,23000,5
*,6,第7层,707,34007,34007,5,300,9,120,,,,,,,,,,,26000,5
*,7,第8层,708,34008,34008,5,300,9,120,,,,,,,,,,,29000,5
*,8,第9层,709,34009,34009,5,300,9,120,,,,,,,,,,,32000,5
*,9,第10层,710,34010,34010,5,300,9,120,34510,34510,34510,34510,1,,,,,,35000,10
*,10,第11层,711,34011,34011,5,300,9,120,,,,,,,,,,,41000,10
*,11,第12层,712,34012,34012,5,300,9,120,,,,,,,,,,,47000,10
*,12,第13层,713,34013,34013,5,300,9,120,,,,,,,,,,,53000,10
*,13,第14层,714,34014,34014,5,300,9,120,,,,,,,,,,,59000,10
*,14,第15层,715,34015,34015,5,300,9,120,34515,34515,34515,34515,1,,,,,,66000,15
*,15,第16层,716,34016,34016,5,300,9,120,,,,,,,,,,,71000,15
*,16,第17层,717,34017,34017,5,300,9,120,,,,,,,,,,,76000,15
*,17,第18层,718,34018,34018,5,300,9,120,,,,,,,,,,,81000,15
*,18,第19层,719,34019,34019,5,300,9,120,,,,,,,,,,,86000,15
*,19,第20层,720,34020,34020,5,300,9,120,34520,34520,34520,34520,1,,,,,,93000,20
*,20,第21层,721,34021,34021,5,300,9,120,,,,,,,,,,,106000,20
*,21,第22层,722,34022,34022,5,300,9,120,,,,,,,,,,,119000,20
*,22,第23层,723,34023,34023,5,300,9,120,,,,,,,,,,,132000,20
*,23,第24层,724,34024,34024,5,300,9,120,,,,,,,,,,,145000,20
*,24,第25层,725,34025,34025,5,300,9,120,34525,34525,34525,34525,1,,,,,,160000,25
*,25,第26层,726,34026,34026,5,300,9,120,,,,,,,,,,,178000,25
*,26,第27层,727,34027,34027,5,300,9,120,,,,,,,,,,,196000,25
*,27,第28层,728,34028,34028,5,300,9,120,,,,,,,,,,,214000,25
*,28,第29层,729,34029,34029,5,300,9,120,,,,,,,,,,,232000,25
*,29,第30层,730,34030,34030,5,300,9,120,34530,34530,34530,34530,1,,,,,,250000,30
*,30,第31层,731,34031,34031,5,300,9,120,,,,,,,,,,,278000,30
*,31,第32层,732,34032,34032,5,300,9,120,,,,,,,,,,,306000,30
*,32,第33层,733,34033,34033,5,300,9,120,,,,,,,,,,,334000,30
*,33,第34层,734,34034,34034,5,300,9,120,,,,,,,,,,,362000,30
*,34,第35层,735,34035,34035,5,300,9,120,34535,34535,34535,34535,1,,,,,,390000,35
*,35,第36层,736,34036,34036,5,300,9,120,,,,,,,,,,,408000,35
*,36,第37层,737,34037,34037,5,300,9,120,,,,,,,,,,,426000,35
*,37,第38层,738,34038,34038,5,300,9,120,,,,,,,,,,,444000,35
*,38,第39层,739,34039,34039,5,300,9,120,,,,,,,,,,,462000,35
*,39,第40层,740,34040,34040,5,300,9,120,34540,34540,34540,34540,1,,,,,,480000,40
*,40,第41层,741,34041,34041,5,300,9,120,,,,,,,,,,,530000,40
*,41,第42层,742,34042,34042,5,300,9,120,,,,,,,,,,,580000,40
*,42,第43层,743,34043,34043,5,300,9,120,,,,,,,,,,,630000,40
*,43,第44层,744,34044,34044,5,300,9,120,,,,,,,,,,,680000,40
*,44,第45层,745,34045,34045,5,300,9,120,34545,34545,34545,34545,1,,,,,,740000,45
*,45,第46层,746,34046,34046,5,300,9,120,,,,,,,,,,,770000,45
*,46,第47层,747,34047,34047,5,300,9,120,,,,,,,,,,,800000,45
*,47,第48层,748,34048,34048,5,300,9,120,,,,,,,,,,,830000,45
*,48,第49层,749,34049,34049,5,300,9,120,,,,,,,,,,,860000,45
*,49,第50层,750,34050,34050,5,300,9,120,34550,34550,34550,34550,1,,,,,,930000,50
*,50,第51层,751,34051,34051,5,300,9,120,,,,,,,,,,,1020000,50
*,51,第52层,752,34052,34052,5,300,9,120,,,,,,,,,,,1110000,50
*,52,第53层,753,34053,34053,5,300,9,120,,,,,,,,,,,1200000,50
*,53,第54层,754,34054,34054,5,300,9,120,,,,,,,,,,,1290000,50
*,54,第55层,755,34055,34055,5,300,9,120,34555,34555,34555,34555,1,,,,,,1400000,55
*,55,第56层,756,34056,34056,5,300,9,120,,,,,,,,,,,1480000,55
*,56,第57层,757,34057,34057,5,300,9,120,,,,,,,,,,,1560000,55
*,57,第58层,758,34058,34058,5,300,9,120,,,,,,,,,,,1640000,55
*,58,第59层,759,34059,34059,5,300,9,120,,,,,,,,,,,1720000,55
*,59,第60层,760,34060,34060,5,300,9,120,34560,34560,34560,34560,1,,,,,,1800000,60
*,60,第61层,761,34061,34061,5,300,9,120,,,,,,,,,,,1940000,60
*,61,第62层,762,34062,34062,5,300,9,120,,,,,,,,,,,2080000,60
*,62,第63层,763,34063,34063,5,300,9,120,,,,,,,,,,,2220000,60
*,63,第64层,764,34064,34064,5,300,9,120,,,,,,,,,,,2360000,60
*,64,第65层,765,34065,34065,5,300,9,120,34565,34565,34565,34565,1,,,,,,2500000,65
*,65,第66层,766,34066,34066,5,300,9,120,,,,,,,,,,,2660000,65
*,66,第67层,767,34067,34067,5,300,9,120,,,,,,,,,,,2820000,65
*,67,第68层,768,34068,34068,5,300,9,120,,,,,,,,,,,2980000,65
*,68,第69层,769,34069,34069,5,300,9,120,,,,,,,,,,,3140000,65
*,69,第70层,770,34070,34070,5,300,9,120,34570,34570,34570,34570,1,,,,,,3300000,70
*,70,第71层,771,34071,34071,5,300,9,120,,,,,,,,,,,3640000,70
*,71,第72层,772,34072,34072,5,300,9,120,,,,,,,,,,,3980000,70
*,72,第73层,773,34073,34073,5,300,9,120,,,,,,,,,,,4320000,70
*,73,第74层,774,34074,34074,5,300,9,120,,,,,,,,,,,4660000,70
*,74,第75层,775,34075,34075,5,300,9,120,34575,34575,34575,34575,1,,,,,,5000000,75
*,75,第76层,776,34076,34076,5,300,9,120,,,,,,,,,,,5500000,75
*,76,第77层,777,34077,34077,5,300,9,120,,,,,,,,,,,6000000,75
*,77,第78层,778,34078,34078,5,300,9,120,,,,,,,,,,,6500000,75
*,78,第79层,779,34079,34079,5,300,9,120,,,,,,,,,,,7000000,75
*,79,第80层,780,34080,34080,5,300,9,120,34580,34580,34580,34580,1,,,,,,7500000,80
