,掉落ID,描述,属性数量,技能id1,品质1,权重1,技能id2,品质2,权重2,技能id3,品质3,权重3,技能id4,品质4,权重4,技能id5,品质5,权重5,技能id6,品质6,权重6,技能id7,品质7,权重7,技能id8,品质8,权重8,技能id9,品质9,权重9,技能id10,品质10,权重10,子包1id,子包1概率,子包2id,子包2概率,子包3id,子包3概率,子包4id,子包4概率,子包5id,子包5概率,子包6id,子包6概率
,STRING,STRING,INT,STRING,INT,INT,STRING,INT,INT,STRING,INT,INT,STRING,INT,INT,STRING,INT,INT,STRING,INT,INT,STRING,INT,INT,STRING,INT,INT,STRING,INT,INT,STRING,INT,INT,STRING,INT,STRING,INT,STRING,INT,STRING,INT,STRING,INT,STRING,INT
*,ID,Desc,DropNum,skillid1,equv1,weight1,skillid2,equv2,weight2,skillid3,equv3,weight3,skillid4,equv4,weight4,skillid5,equv5,weight5,skillid6,equv6,weight6,skillid7,equv7,weight7,skillid8,equv8,weight8,skillid9,equv9,weight9,skillid10,equv10,weight10,sonid1,sondrop1,sonid2,sondrop2,sonid3,sondrop3,sonid4,sondrop4,sonid5,sondrop5,sonid6,sondrop6
,品质-等级-类型,,100,,,,,,,,,,,,,,,,,,,,,,,,,,,,,,,,,,,,,,,,,,
*,10101,lv1白-棍子,1,10001,0,100,,,,,,,,,,,,,,,,,,,,,,,,,,,,,,,,,,,,,,,
*,10102,lv1白-拳套,1,20001,0,100,,,,,,,,,,,,,,,,,,,,,,,,,,,,,,,,,,,,,,,
*,10103,lv1白-双枪,1,30001,0,100,,,,,,,,,,,,,,,,,,,,,,,,,,,,,,,,,,,,,,,
*,10201,lv2白-棍子,1,10001,0,100,10002,0,100,,,,,,,,,,,,,,,,,,,,,,,,,,,,,,,,,,,,
*,10202,lv2白-拳套,1,20001,0,100,20002,0,100,,,,,,,,,,,,,,,,,,,,,,,,,,,,,,,,,,,,
*,10203,lv2白-双枪,1,30001,0,100,30002,0,100,,,,,,,,,,,,,,,,,,,,,,,,,,,,,,,,,,,,
*,10301,lv3白-棍子,1,10001,0,100,10002,0,100,10003,0,100,,,,,,,,,,,,,,,,,,,,,,,,,,,,,,,,,
*,10302,lv3白-拳套,1,20001,0,100,20002,0,100,20003,0,100,,,,,,,,,,,,,,,,,,,,,,,,,,,,,,,,,
*,10303,lv3白-双枪,1,30001,0,100,30002,0,100,30003,0,100,,,,,,,,,,,,,,,,,,,,,,,,,,,,,,,,,
*,10401,lv4白-棍子,1,10001,0,100,10002,0,100,10003,0,100,,,,,,,,,,,,,,,,,,,,,,,,,,,,,,,,,
*,10402,lv4白-拳套,1,20001,0,100,20002,0,100,20003,0,100,,,,,,,,,,,,,,,,,,,,,,,,,,,,,,,,,
*,10403,lv4白-双枪,1,30001,0,100,30002,0,100,30003,0,100,,,,,,,,,,,,,,,,,,,,,,,,,,,,,,,,,
*,10501,lv5白-棍子,1,10001,0,100,10002,0,100,10003,0,100,10004,0,100,,,,,,,,,,,,,,,,,,,,,,,,,,,,,,
*,10502,lv5白-拳套,1,20001,0,100,20002,0,100,20003,0,100,20004,0,100,,,,,,,,,,,,,,,,,,,,,,,,,,,,,,
*,10503,lv5白-双枪,1,30001,0,100,30002,0,100,30003,0,100,30004,0,100,,,,,,,,,,,,,,,,,,,,,,,,,,,,,,
*,10601,lv6白-棍子,1,10001,0,100,10002,0,100,10003,0,100,10004,0,100,,,,,,,,,,,,,,,,,,,,,,,,,,,,,,
*,10602,lv6白-拳套,1,20001,0,100,20002,0,100,20003,0,100,20004,0,100,,,,,,,,,,,,,,,,,,,,,,,,,,,,,,
*,10603,lv6白-双枪,1,30001,0,100,30002,0,100,30003,0,100,30004,0,100,,,,,,,,,,,,,,,,,,,,,,,,,,,,,,
*,10701,lv7白-棍子,1,10001,0,100,10002,0,100,10003,0,100,10004,0,100,10005,0,100,,,,,,,,,,,,,,,,,,,,,,,,,,,
*,10702,lv7白-拳套,1,20001,0,100,20002,0,100,20003,0,100,20004,0,100,20005,0,100,,,,,,,,,,,,,,,,,,,,,,,,,,,
*,10703,lv7白-双枪,1,30001,0,100,30002,0,100,30003,0,100,30004,0,100,30005,0,100,,,,,,,,,,,,,,,,,,,,,,,,,,,
*,10801,lv8白-棍子,1,10001,0,100,10002,0,100,10003,0,100,10004,0,100,10005,0,100,,,,,,,,,,,,,,,,,,,,,,,,,,,
*,10802,lv8白-拳套,1,20001,0,100,20002,0,100,20003,0,100,20004,0,100,20005,0,100,,,,,,,,,,,,,,,,,,,,,,,,,,,
*,10803,lv8白-双枪,1,30001,0,100,30002,0,100,30003,0,100,30004,0,100,30005,0,100,,,,,,,,,,,,,,,,,,,,,,,,,,,
,10000,绿,,1000,,,,,,,,,,,,,,,,,,,,,,,,,,,,,,,,,,,,,,,,,
*,20101,lv1绿-棍子,1,11001,0,100,,,,,,,,,,,,,,,,,,,,,,,,,,,,,,,,,,,,,,,
*,20102,lv1绿-拳套,1,21001,0,100,,,,,,,,,,,,,,,,,,,,,,,,,,,,,,,,,,,,,,,
*,20103,lv1绿-双枪,1,31001,0,100,,,,,,,,,,,,,,,,,,,,,,,,,,,,,,,,,,,,,,,
*,20201,lv2绿-棍子,1,11001,0,100,11002,0,90,,,,,,,,,,,,,,,,,,,,,,,,,,,,,,,,,,,,
*,20202,lv2绿-拳套,1,21001,0,100,21002,0,90,,,,,,,,,,,,,,,,,,,,,,,,,,,,,,,,,,,,
*,20203,lv2绿-双枪,1,31001,0,100,31002,0,90,,,,,,,,,,,,,,,,,,,,,,,,,,,,,,,,,,,,
*,20301,lv3绿-棍子,1,11001,0,100,11002,0,90,11003,0,80,,,,,,,,,,,,,,,,,,,,,,,,,,,,,,,,,
*,20302,lv3绿-拳套,1,21001,0,100,21002,0,90,21003,0,80,,,,,,,,,,,,,,,,,,,,,,,,,,,,,,,,,
*,20303,lv3绿-双枪,1,31001,0,100,31002,0,90,31003,0,80,,,,,,,,,,,,,,,,,,,,,,,,,,,,,,,,,
*,20401,lv4绿-棍子,1,11001,0,100,11002,0,90,11003,0,80,,,,,,,,,,,,,,,,,,,,,,,,,,,,,,,,,
*,20402,lv4绿-拳套,1,21001,0,100,21002,0,90,21003,0,80,,,,,,,,,,,,,,,,,,,,,,,,,,,,,,,,,
*,20403,lv4绿-双枪,1,31001,0,100,31002,0,90,31003,0,80,,,,,,,,,,,,,,,,,,,,,,,,,,,,,,,,,
*,20501,lv5绿-棍子,1,11001,0,100,11002,0,90,11003,0,80,11004,0,70,,,,,,,,,,,,,,,,,,,,,,,,,,,,,,
*,20502,lv5绿-拳套,1,21001,0,100,21002,0,90,21003,0,80,21004,0,70,,,,,,,,,,,,,,,,,,,,,,,,,,,,,,
*,20503,lv5绿-双枪,1,31001,0,100,31002,0,90,31003,0,80,31004,0,70,,,,,,,,,,,,,,,,,,,,,,,,,,,,,,
*,20601,lv6绿-棍子,1,11001,0,100,11002,0,90,11003,0,80,11004,0,70,,,,,,,,,,,,,,,,,,,,,,,,,,,,,,
*,20602,lv6绿-拳套,1,21001,0,100,21002,0,90,21003,0,80,21004,0,70,,,,,,,,,,,,,,,,,,,,,,,,,,,,,,
*,20603,lv6绿-双枪,1,31001,0,100,31002,0,90,31003,0,80,31004,0,70,,,,,,,,,,,,,,,,,,,,,,,,,,,,,,
*,20701,lv7绿-棍子,1,11001,0,100,11002,0,90,11003,0,80,11004,0,70,11005,0,50,,,,,,,,,,,,,,,,,,,,,,,,,,,
*,20702,lv7绿-拳套,1,21001,0,100,21002,0,90,21003,0,80,21004,0,70,21005,0,50,,,,,,,,,,,,,,,,,,,,,,,,,,,
*,20703,lv7绿-双枪,1,31001,0,100,31002,0,90,31003,0,80,31004,0,70,31005,0,50,,,,,,,,,,,,,,,,,,,,,,,,,,,
*,20801,lv8绿-棍子,1,11001,0,100,11002,0,90,11003,0,80,11004,0,70,11005,0,50,,,,,,,,,,,,,,,,,,,,,,,,,,,
*,20802,lv8绿-拳套,1,21001,0,100,21002,0,90,21003,0,80,21004,0,70,21005,0,50,,,,,,,,,,,,,,,,,,,,,,,,,,,
*,20803,lv8绿-双枪,1,31001,0,100,31002,0,90,31003,0,80,31004,0,70,31005,0,50,,,,,,,,,,,,,,,,,,,,,,,,,,,
,,蓝,,,,,,,,,,,,,,,,,,,,,,,,,,,,,,,,,,,,,,,,,,,
*,30101,lv1蓝-棍子,1,12001,0,100,,,,,,,,,,,,,,,,,,,,,,,,,,,,,,,,,,,,,,,
*,30102,lv1蓝-拳套,1,22001,0,100,,,,,,,,,,,,,,,,,,,,,,,,,,,,,,,,,,,,,,,
*,30103,lv1蓝-双枪,1,32001,0,100,,,,,,,,,,,,,,,,,,,,,,,,,,,,,,,,,,,,,,,
*,30201,lv2蓝-棍子,1,12001,0,100,12002,0,90,,,,,,,,,,,,,,,,,,,,,,,,,,,,,,,,,,,,
*,30202,lv2蓝-拳套,1,22001,0,100,22002,0,90,,,,,,,,,,,,,,,,,,,,,,,,,,,,,,,,,,,,
*,30203,lv2蓝-双枪,1,32001,0,100,32002,0,90,,,,,,,,,,,,,,,,,,,,,,,,,,,,,,,,,,,,
*,30301,lv3蓝-棍子,1,12001,0,100,12002,0,90,12003,0,80,,,,,,,,,,,,,,,,,,,,,,,,,,,,,,,,,
*,30302,lv3蓝-拳套,1,22001,0,100,22002,0,90,22003,0,80,,,,,,,,,,,,,,,,,,,,,,,,,,,,,,,,,
*,30303,lv3蓝-双枪,1,32001,0,100,32002,0,90,32003,0,80,,,,,,,,,,,,,,,,,,,,,,,,,,,,,,,,,
*,30401,lv4蓝-棍子,1,12001,0,100,12002,0,90,12003,0,80,,,,,,,,,,,,,,,,,,,,,,,,,,,,,,,,,
*,30402,lv4蓝-拳套,1,22001,0,100,22002,0,90,22003,0,80,,,,,,,,,,,,,,,,,,,,,,,,,,,,,,,,,
*,30403,lv4蓝-双枪,1,32001,0,100,32002,0,90,32003,0,80,,,,,,,,,,,,,,,,,,,,,,,,,,,,,,,,,
*,30501,lv5蓝-棍子,1,12001,0,100,12002,0,90,12003,0,80,12004,0,70,,,,,,,,,,,,,,,,,,,,,,,,,,,,,,
*,30502,lv5蓝-拳套,1,22001,0,100,22002,0,90,22003,0,80,22004,0,70,,,,,,,,,,,,,,,,,,,,,,,,,,,,,,
*,30503,lv5蓝-双枪,1,32001,0,100,32002,0,90,32003,0,80,32004,0,70,,,,,,,,,,,,,,,,,,,,,,,,,,,,,,
*,30601,lv6蓝-棍子,1,12001,0,100,12002,0,90,12003,0,80,12004,0,70,,,,,,,,,,,,,,,,,,,,,,,,,,,,,,
*,30602,lv6蓝-拳套,1,22001,0,100,22002,0,90,22003,0,80,22004,0,70,,,,,,,,,,,,,,,,,,,,,,,,,,,,,,
*,30603,lv6蓝-双枪,1,32001,0,100,32002,0,90,32003,0,80,32004,0,70,,,,,,,,,,,,,,,,,,,,,,,,,,,,,,
*,30701,lv7蓝-棍子,1,12001,0,100,12002,0,90,12003,0,80,12004,0,70,12005,0,50,,,,,,,,,,,,,,,,,,,,,,,,,,,
*,30702,lv7蓝-拳套,1,22001,0,100,22002,0,90,22003,0,80,22004,0,70,22005,0,50,,,,,,,,,,,,,,,,,,,,,,,,,,,
*,30703,lv7蓝-双枪,1,32001,0,100,32002,0,90,32003,0,80,32004,0,70,32005,0,50,,,,,,,,,,,,,,,,,,,,,,,,,,,
*,30801,lv8蓝-棍子,1,12001,0,100,12002,0,90,12003,0,80,12004,0,70,12005,0,50,,,,,,,,,,,,,,,,,,,,,,,,,,,
*,30802,lv8蓝-拳套,1,22001,0,100,22002,0,90,22003,0,80,22004,0,70,22005,0,50,,,,,,,,,,,,,,,,,,,,,,,,,,,
*,30803,lv8蓝-双枪,1,32001,0,100,32002,0,90,32003,0,80,32004,0,70,32005,0,50,,,,,,,,,,,,,,,,,,,,,,,,,,,
,,紫,,,,,,,,,,,,,,,,,,,,,,,,,,,,,,,,,,,,,,,,,,,
*,40101,lv1紫-棍子,1,13001,0,100,,,,,,,,,,,,,,,,,,,,,,,,,,,,,,,,,,,,,,,
*,40102,lv1紫-拳套,1,23001,0,100,,,,,,,,,,,,,,,,,,,,,,,,,,,,,,,,,,,,,,,
*,40103,lv1紫-双枪,1,33001,0,100,,,,,,,,,,,,,,,,,,,,,,,,,,,,,,,,,,,,,,,
*,40201,lv2紫-棍子,1,13001,0,100,13002,0,90,,,,,,,,,,,,,,,,,,,,,,,,,,,,,,,,,,,,
*,40202,lv2紫-拳套,1,23001,0,100,23002,0,90,,,,,,,,,,,,,,,,,,,,,,,,,,,,,,,,,,,,
*,40203,lv2紫-双枪,1,33001,0,100,33002,0,90,,,,,,,,,,,,,,,,,,,,,,,,,,,,,,,,,,,,
*,40301,lv3紫-棍子,1,13001,0,100,13002,0,90,13003,0,80,,,,,,,,,,,,,,,,,,,,,,,,,,,,,,,,,
*,40302,lv3紫-拳套,1,23001,0,100,23002,0,90,23003,0,80,,,,,,,,,,,,,,,,,,,,,,,,,,,,,,,,,
*,40303,lv3紫-双枪,1,33001,0,100,33002,0,90,33003,0,80,,,,,,,,,,,,,,,,,,,,,,,,,,,,,,,,,
*,40401,lv4紫-棍子,1,13001,0,100,13002,0,90,13003,0,80,,,,,,,,,,,,,,,,,,,,,,,,,,,,,,,,,
*,40402,lv4紫-拳套,1,23001,0,100,23002,0,90,23003,0,80,,,,,,,,,,,,,,,,,,,,,,,,,,,,,,,,,
*,40403,lv4紫-双枪,1,33001,0,100,33002,0,90,33003,0,80,,,,,,,,,,,,,,,,,,,,,,,,,,,,,,,,,
*,40501,lv5紫-棍子,1,13001,0,100,13002,0,90,13003,0,80,13004,0,70,,,,,,,,,,,,,,,,,,,,,,,,,,,,,,
*,40502,lv5紫-拳套,1,23001,0,100,23002,0,90,23003,0,80,23004,0,70,,,,,,,,,,,,,,,,,,,,,,,,,,,,,,
*,40503,lv5紫-双枪,1,33001,0,100,33002,0,90,33003,0,80,33004,0,70,,,,,,,,,,,,,,,,,,,,,,,,,,,,,,
*,40601,lv6紫-棍子,1,13001,0,100,13002,0,90,13003,0,80,13004,0,70,,,,,,,,,,,,,,,,,,,,,,,,,,,,,,
*,40602,lv6紫-拳套,1,23001,0,100,23002,0,90,23003,0,80,23004,0,70,,,,,,,,,,,,,,,,,,,,,,,,,,,,,,
*,40603,lv6紫-双枪,1,33001,0,100,33002,0,90,33003,0,80,33004,0,70,,,,,,,,,,,,,,,,,,,,,,,,,,,,,,
*,40701,lv7紫-棍子,1,13001,0,100,13002,0,90,13003,0,80,13004,0,70,13005,0,50,,,,,,,,,,,,,,,,,,,,,,,,,,,
*,40702,lv7紫-拳套,1,23001,0,100,23002,0,90,23003,0,80,23004,0,70,23005,0,50,,,,,,,,,,,,,,,,,,,,,,,,,,,
*,40703,lv7紫-双枪,1,33001,0,100,33002,0,90,33003,0,80,33004,0,70,33005,0,50,,,,,,,,,,,,,,,,,,,,,,,,,,,
*,40801,lv8紫-棍子,1,13001,0,100,13002,0,90,13003,0,80,13004,0,70,13005,0,50,,,,,,,,,,,,,,,,,,,,,,,,,,,
*,40802,lv8紫-拳套,1,23001,0,100,23002,0,90,23003,0,80,23004,0,70,23005,0,50,,,,,,,,,,,,,,,,,,,,,,,,,,,
*,40803,lv8紫-双枪,1,33001,0,100,33002,0,90,33003,0,80,33004,0,70,33005,0,50,,,,,,,,,,,,,,,,,,,,,,,,,,,
